20:03:52:%N,2324,1980,2000
20:03:52:%N,2348,1980,2000
20:03:52:%N,2311,2070,2000
20:03:53:%N,2327,2025,2000
20:03:53:%N,2321,2025,2000
20:03:53:%N,2336,1980,2000
20:03:53:%N,2319,2025,2000
20:03:53:%N,2330,1980,2000
20:03:53:%N,2335,1980,2000
20:03:53:%N,2341,2025,2000
20:03:53:%N,2322,2025,2000
20:03:53:%N,2335,1980,2000
20:03:54:%N,2340,1980,2000
20:03:54:%N,2324,2025,2000
20:03:54:%N,2333,1980,2000
20:03:54:%N,2322,2025,2000
20:03:54:%N,2335,1980,2000
20:03:54:%N,2333,1980,2000
20:03:54:%N,2340,1980,2000
20:03:54:%N,2322,2025,2000
20:03:54:%N,2316,2025,2000
20:03:55:%N,2332,1980,2000
20:03:55:%N,2339,1980,2000
20:03:55:%N,2323,2025,2000
20:03:55:%N,2334,1980,2000
20:03:55:%N,2320,2025,2000
20:03:55:%N,2336,2025,2000
20:03:55:%N,2333,1980,2000
20:03:55:%N,2320,2025,2000
20:03:55:%N,2336,1980,2000
20:03:56:%N,2311,2070,2000
20:03:56:%N,2329,1980,2000
20:03:56:%N,2335,1980,2000
20:03:56:%N,2318,1980,2000
20:03:56:%N,2322,2025,2000
20:03:56:%N,2333,1980,2000
20:03:56:%N,2338,1980,2000
20:03:56:%N,2302,2070,2000
20:03:56:%N,2333,1980,2000
20:03:57:%N,2319,2025,2000
20:03:57:%N,2321,2025,2000
20:03:57:%N,2334,1980,2000
20:03:57:%N,2317,2025,2000
20:03:57:%N,2330,1980,2000
20:03:57:%N,2327,1980,2000
20:03:57:%N,2333,1980,2000
20:03:57:%N,2318,2025,2000
20:03:58:%N,2321,2025,2000
20:03:58:%N,2316,2025,2000
20:03:58:%N,2330,1980,2000
20:03:58:%N,2335,2025,2000
20:03:58:%N,2316,2025,2000
20:03:58:%N,2329,1980,2000
20:03:58:%N,2334,1980,2000
20:03:58:%N,2318,2025,2000
20:03:58:%N,2327,1980,2000
20:03:58:%N,2333,1980,2000
20:03:59:%N,2339,1980,2000
20:03:59:%N,2321,2025,2000
20:03:59:%N,2333,1980,2000
20:03:59:%N,2317,2025,2000
20:03:59:%N,2328,1980,2000
20:03:59:%N,2313,1980,2000
20:03:59:%N,2332,1980,2000
20:03:59:%N,2318,2025,2000
20:04:00:%N,2320,2025,2000
20:04:00:%N,2333,1980,2000
20:04:00:%N,2316,2025,2000
20:04:00:%N,2329,1980,2000
20:04:00:%N,2321,2025,2000
20:04:00:%N,2332,1980,2000
20:04:00:%N,2319,2025,2000
20:04:00:%N,2313,2025,2000
20:04:00:%N,2330,1980,2000
20:04:01:%N,2320,2025,2000
20:04:01:%N,2332,1980,2000
20:04:01:%N,2318,2025,2000
20:04:01:%N,2334,2025,2000
20:04:01:%N,2315,2025,2000
20:04:01:%N,2328,1980,2000
20:04:01:%N,2334,1980,2000
20:04:01:%N,2315,2025,2000
20:04:01:%N,2330,1980,2000
20:04:02:%N,2319,2025,2000
20:04:02:%N,2312,2025,2000
20:04:02:%N,2315,2025,2000
20:04:02:%N,2328,1980,2000
20:04:02:%N,2326,1980,2000
20:04:02:%N,2333,1980,2000
20:04:02:%N,2330,1980,2000
20:04:02:%N,2318,2025,2000
20:04:03:%N,2312,2025,2000
20:04:03:%N,2315,2025,2000
20:04:03:%N,2328,1980,2000
20:04:03:%N,2333,1980,2000
20:04:03:%N,2316,2025,2000
20:04:03:%N,2326,1980,2000
20:04:03:%N,2331,1980,2000
20:04:03:%N,2318,2025,2000
20:04:03:%N,2312,2025,2000
20:04:03:%N,2330,1980,2000
20:04:04:%N,2317,2025,2000
20:04:04:%N,2326,1980,2000
20:04:04:%N,2332,1980,2000
20:04:04:%N,2315,2025,2000
20:04:04:%N,2327,1980,2000
20:04:04:%N,2333,2025,2000
20:04:04:%N,2314,2025,2000
20:04:04:%N,2328,1980,2000
20:04:05:%N,2325,1980,2000
20:04:05:%N,2332,1980,2000
20:04:05:%N,2329,1980,2000
20:04:05:%N,2318,2025,2000
20:04:05:%N,2312,2025,2000
20:04:05:%N,2329,1980,2000
20:04:05:%N,2319,2025,2000
20:04:05:%N,2314,2025,2000
20:04:05:%N,2327,1980,2000
20:04:06:%N,2333,1980,2000
20:04:06:%N,2329,1980,2000
20:04:06:%N,2317,2025,2000
20:04:06:%N,2332,1980,2000
20:04:06:%N,2329,1980,2000
20:04:06:%N,2317,2025,2000
20:04:06:%N,2333,1980,2000
20:04:06:%N,2305,2070,2000
20:04:06:%N,2327,1980,2000
20:04:07:%N,2334,1980,2000
20:04:07:%N,2320,2025,2000
20:04:07:%N,2330,1980,2000
20:04:07:%N,2336,1980,2000
20:04:07:%N,2325,1980,2000
20:04:07:%N,2332,1980,2000
20:04:07:%N,2328,1980,2000
20:04:07:%N,2317,2025,2000
20:04:08:%N,2331,1980,2000
20:04:08:%N,2315,2025,2000
20:04:08:%N,2332,2025,2000
20:04:08:%N,2329,1980,2000
20:04:08:%N,2316,2025,2000
20:04:08:%N,2332,1980,2000
20:04:08:%N,2322,2025,2000
20:04:08:%N,2316,2025,2000
20:04:08:%N,2331,1980,2000
20:04:09:%N,2322,2025,2000
20:04:09:%N,2316,2025,2000
20:04:09:%N,2332,2025,2000
20:04:09:%N,2329,1980,2000
20:04:09:%N,2336,1980,2000
20:04:09:%N,2317,2025,2000
20:04:09:%N,2331,1980,2000
20:04:09:%N,2321,2025,2000
20:04:10:%N,2327,1980,2000
20:04:10:%N,2334,1980,2000
20:04:10:%N,2319,2025,2000
20:04:10:%N,2328,1980,2000
20:04:10:%N,2335,1980,2000
20:04:10:%N,2318,2025,2000
20:04:10:%N,2329,1980,2000
20:04:10:%N,2336,2025,2000
20:04:10:%N,2316,2025,2000
20:04:11:%N,2331,1980,2000
20:04:11:%N,2321,2025,2000
20:04:11:%N,2335,1980,2000
20:04:11:%N,2318,1980,2000
20:04:11:%N,2321,2025,2000
20:04:11:%N,2333,1980,2000
20:04:11:%N,2319,2025,2000
20:04:11:%N,2313,1980,2000
20:04:11:%N,2333,1980,2000
20:04:12:%N,2319,2025,2000
20:04:12:%N,2335,1980,2000
20:04:12:%N,2317,2025,2000
20:04:12:%N,2329,1980,2000
20:04:12:%N,2334,1980,2000
20:04:12:%N,2331,1980,2000
20:04:12:%N,2337,1980,2000
20:04:12:%N,2322,1980,2000
20:04:12:%N,2307,2070,2000
20:04:13:%N,2331,1980,2000
20:04:13:%N,2319,2025,2000
20:04:13:%N,2327,1980,2000
20:04:13:%N,2333,1980,2000
20:04:13:%N,2339,2025,2000
20:04:13:%N,2320,2025,2000
20:04:13:%N,2334,1980,2000
20:04:13:%N,2326,2025,2000
20:04:14:%N,2320,2025,2000
20:04:14:%N,2333,1980,2000
20:04:14:%N,2317,2025,2000
20:04:14:%N,2321,2025,2000
20:04:14:%N,2315,2025,2000
20:04:14:%N,2329,1980,2000
20:04:14:%N,2334,1980,2000
20:04:14:%N,2331,1980,2000
20:04:14:%N,2336,1980,2000
20:04:15:%N,2322,2025,2000
20:04:15:%N,2331,1980,2000
20:04:15:%N,2317,2025,2000
20:04:15:%N,2319,2025,2000
20:04:15:%N,2334,2025,2000
20:04:15:%N,2314,2025,2000
20:04:15:%N,2330,1980,2000
20:04:15:%N,2336,1980,2000
20:04:16:%N,2322,2025,2000
20:04:16:%N,2331,1980,2000
20:04:16:%N,2338,1980,2000
20:04:16:%N,2320,2025,2000
20:04:16:%N,2332,1980,2000
20:04:16:%N,2318,2025,2000
20:04:16:%N,2334,1980,2000
20:04:16:%N,2330,1980,2000
20:04:16:%N,2336,1980,2000
20:04:17:%N,2322,2025,2000
20:04:17:%N,2316,2025,2000
20:04:17:%N,2320,2025,2000
20:04:17:%N,2331,1980,2000
20:04:17:%N,2336,1980,2000
20:04:17:%N,2320,1980,2000
20:04:17:%N,2323,2025,2000
20:04:17:%N,2316,2025,2000
20:04:17:%N,2318,2025,2000
20:04:18:%N,2333,1980,2000
20:04:18:%N,2323,2025,2000
20:04:18:%N,2337,1980,2000
20:04:18:%N,2319,2025,2000
20:04:18:%N,2332,1980,2000
20:04:18:%N,2324,2025,2000
20:04:18:%N,2318,2025,2000
20:04:18:%N,Invalid RPMsg file Exiting...,Invalid RPMsg file Exiting...,Invalid RPMsg file Exiting...
20:04:19:%N,4096,0,2000
20:04:19:%N,2924,5895,2000
20:04:19:%N,2865,5535,2000
20:04:19:%N,3071,4860,2000
20:04:19:%N,3140,4635,2000
20:04:19:%N,3126,4680,2000
20:04:20:%N,3263,4230,2000
20:04:20:%N,3181,4500,2000
20:04:20:%N,3126,4680,2000
20:04:20:%N,3085,4815,2000
20:04:20:%N,3195,4455,2000
20:04:20:%N,3099,4770,2000
20:04:20:%N,3195,4455,2000
20:04:20:%N,3057,4635,2000
20:04:20:%N,3126,4680,2000
20:04:21:%N,3016,5040,2000
20:04:21:%N,3167,4545,2000
20:04:21:%N,3016,5040,2000
20:04:21:%N,3291,4140,2000
20:04:21:%N,2838,5625,2000
20:04:21:%N,3167,4545,2000
20:04:21:%N,3277,4185,2000
20:04:21:%N,3195,4455,2000
20:04:22:%N,3002,5085,2000
20:04:22:%N,3346,3960,2000
20:04:22:%N,2989,5130,2000
20:04:22:%N,2893,5445,2000
20:04:22:%N,3167,4545,2000
20:04:22:%N,3126,4680,2000
20:04:22:%N,3250,4275,2000
20:04:22:%N,2810,5715,2000
20:04:22:%N,3071,4860,2000
20:04:23:%N,3181,4500,2000
20:04:23:%N,3099,4770,2000
20:04:23:%N,3002,5085,2000
20:04:23:%N,3167,4545,2000
20:04:23:%N,3208,4410,2000
20:04:23:%N,3085,4815,2000
20:04:23:%N,3167,4545,2000
20:04:23:%N,3236,4320,2000
20:04:23:%N,3167,4545,2000
20:04:24:%N,3181,4545,2000
20:04:24:%N,3002,5085,2000
20:04:24:%N,3208,4410,2000
20:04:24:%N,3208,4410,2000
20:04:24:%N,2879,5490,2000
20:04:24:%N,2975,5175,2000
20:04:24:%N,3195,4455,2000
20:04:24:%N,3208,4410,2000
20:04:25:%N,3208,4410,2000
20:04:25:%N,3085,4815,2000
20:04:25:%N,3140,4635,2000
20:04:25:%N,3030,4995,2000
20:04:25:%N,3167,4545,2000
20:04:25:%N,2810,5715,2000
20:04:25:%N,3291,4140,2000
20:04:25:%N,3002,4770,2000
20:04:25:%N,3305,4095,2000
20:04:26:%N,3222,4365,2000
20:04:26:%N,3277,4185,2000
20:04:26:%N,2879,5490,2000
20:04:26:%N,3208,4410,2000
20:04:26:%N,3140,4635,2000
20:04:26:%N,3140,4635,2000
20:04:26:%N,3030,4995,2000
20:04:26:%N,3016,5040,2000
20:04:26:%N,3112,4725,2000
20:04:27:%N,3030,4995,2000
20:04:27:%N,3126,4680,2000
20:04:27:%N,3195,4455,2000
20:04:27:%N,2783,5805,2000
20:04:27:%N,3099,4770,2000
20:04:27:%N,3044,4950,2000
20:04:27:%N,3057,4410,2000
20:04:27:%N,2961,5220,2000
20:04:28:%N,3071,4860,2000
20:04:28:%N,3153,4590,2000
20:04:28:%N,3002,5085,2000
20:04:28:%N,3263,4230,2000
20:04:28:%N,2920,5355,2000
20:04:28:%N,3181,5400,2000
20:04:28:%N,3236,4320,2000
20:04:28:%N,2975,5175,2000
20:04:28:%N,3044,4950,2000
20:04:29:%N,2549,6570,2000
20:04:29:%N,3277,4185,2000
20:04:29:%N,3016,5040,2000
20:04:29:%N,3085,4590,2000
20:04:29:%N,3071,4860,2000
20:04:29:%N,2838,4365,2000
20:04:29:%N,3208,4410,2000
20:04:29:%N,2989,5130,2000
20:04:30:%N,3126,4680,2000
20:04:30:%N,3250,4275,2000
20:04:30:%N,3208,4410,2000
20:04:30:%N,3291,4140,2000
20:04:30:%N,3181,4500,2000
20:04:30:%N,3222,4365,2000
20:04:30:%N,3167,4545,2000
20:04:30:%N,3263,4230,2000
20:04:30:%N,3167,4545,2000
20:04:31:%N,3154,4590,2000
20:04:31:%N,3057,4905,2000
20:04:31:%N,3002,4770,2000
20:04:31:%N,3044,4950,2000
20:04:31:%N,3208,4410,2000
20:04:31:%N,2893,5445,2000
20:04:31:%N,3236,4320,2000
20:04:31:%N,3002,5085,2000
20:04:31:%N,3099,4770,2000
20:04:32:%N,3099,4770,2000
20:04:32:%N,3071,4860,2000
20:04:32:%N,3181,4500,2000
20:04:32:%N,3071,4860,2000
20:04:32:%N,3208,4410,2000
20:04:32:%N,3057,4905,2000
20:04:32:%N,3195,4455,2000
20:04:32:%N,3140,4635,2000
20:04:33:%N,3057,4905,2000
20:04:33:%N,3181,4500,2000
20:04:33:%N,3195,4455,2000
20:04:33:%N,2947,4545,2000
20:04:33:%N,3112,4725,2000
20:04:33:%N,3181,4500,2000
20:04:33:%N,3126,4455,2000
20:04:33:%N,2989,5130,2000
20:04:33:%N,3222,4365,2000
20:04:34:%N,3099,4590,2000
20:04:34:%N,3099,4770,2000
20:04:34:%N,2783,4275,2000
20:04:34:%N,3236,4320,2000
20:04:34:%N,3208,4410,2000
20:04:34:%N,3126,4680,2000
20:04:34:%N,3222,4365,2000
20:04:34:%N,3181,4500,2000
20:04:35:%N,3140,4725,2000
20:04:35:%N,3167,4545,2000
20:04:35:%N,3181,4500,2000
20:04:35:%N,3167,4545,2000
20:04:35:%N,3154,4590,2000
20:04:35:%N,3195,4455,2000
20:04:35:%N,3099,4770,2000
20:04:35:%N,3181,4500,2000
20:04:35:%N,3167,4545,2000
20:04:36:%N,3167,4545,2000
20:04:36:%N,3112,4725,2000
20:04:36:%N,3071,4860,2000
20:04:36:%N,3195,4455,2000
20:04:36:%N,3030,4995,2000
20:04:36:%N,3167,4545,2000
20:04:36:%N,3195,4455,2000
20:04:36:%N,3154,4590,2000
20:04:36:%N,2906,5400,2000
20:04:37:%N,3222,4365,2000
20:04:37:%N,2824,5670,2000
20:04:37:%N,3195,4455,2000
20:04:37:%N,3154,4590,2000
20:04:37:%N,2810,5715,2000
20:04:37:%N,3167,4545,2000
20:04:37:%N,3208,4410,2000
20:04:37:%N,2453,6885,2000
20:04:38:%N,3263,4230,2000
20:04:38:%N,3154,4410,2000
20:04:38:%N,2577,6480,2000
20:04:38:%N,3250,4275,2000
20:04:38:%N,3085,4815,2000
20:04:38:%N,2975,5175,2000
20:04:38:%N,3085,4815,2000
20:04:38:%N,3153,4590,2000
20:04:38:%N,3126,4680,2000
20:04:39:%N,3071,4860,2000
20:04:39:%N,3305,4095,2000
20:04:39:%N,3167,4545,2000
20:04:39:%N,3030,4995,2000
20:04:39:%N,3154,4590,2000
20:04:39:%N,3071,4860,2000
20:04:39:%N,3277,4725,2000
20:04:39:%N,3277,4185,2000
20:04:40:%N,2645,4320,2000
20:04:40:%N,3277,4185,2000
20:04:40:%N,2893,5445,2000
20:04:40:%N,3195,4455,2000
20:04:40:%N,3346,3960,2000
20:04:40:%N,2687,6120,2000
20:04:40:%N,3318,4050,2000
20:04:40:%N,3126,4770,2000
20:04:40:%N,3662,2925,2000
20:04:41:%N,3154,4590,2000
20:04:41:%N,2865,5535,2000
20:04:41:%N,2961,5220,2000
20:04:41:%N,3195,4455,2000
20:04:41:%N,2975,5175,2000
20:04:41:%N,2920,5355,2000
20:04:41:%N,3966,1935,2000
20:04:41:%N,3085,4815,2000
20:04:42:%N,3126,4680,2000
20:04:42:%N,3030,4995,2000
20:04:42:%N,3153,4545,2000
20:04:42:%N,2796,5760,2000
20:04:42:%N,3332,4005,2000
20:04:42:%N,3044,4950,2000
20:04:42:%N,3305,4095,2000
20:04:42:%N,4090,1665,2000
20:04:42:%N,2879,5490,2000
20:04:43:%N,3112,4725,2000
20:04:43:%N,3277,4185,2000
20:04:43:%N,3675,2880,2000
20:04:43:%N,3057,4905,2000
20:04:43:%N,3099,4770,2000
20:04:43:%N,2947,5265,2000
20:04:43:%N,3181,4500,2000
20:04:43:%N,2659,6210,2000
20:04:43:%N,3250,4545,2000
20:04:44:%N,2906,5400,2000
20:04:44:%N,3140,4635,2000
20:04:44:%N,2989,5130,2000
20:04:44:%N,3140,4635,2000
20:04:44:%N,2618,6345,2000
20:04:44:%N,3222,4365,2000
20:04:44:%N,2934,5310,2000
20:04:44:%N,3099,4770,2000
20:04:45:%N,2577,6480,2000
20:04:45:%N,3222,4365,2000
20:04:45:%N,3236,4320,2000
20:04:45:%N,3126,4680,2000
20:04:45:%N,2879,5490,2000
20:04:45:%N,2590,6435,2000
20:04:45:%N,3291,4140,2000
20:04:45:%N,3099,4770,2000
20:04:45:%N,2604,4185,2000
20:04:46:%N,3401,3780,2000
20:04:46:%N,3044,4950,2000
20:04:46:%N,2893,5445,2000
20:04:46:%N,3154,4590,2000
20:04:46:%N,3126,4680,2000
20:04:46:%N,3923,2070,2000
20:04:46:%N,2536,6615,2000
20:04:46:%N,3016,5040,2000
20:04:47:%N,3071,4860,2000
20:04:47:%N,3195,4455,2000
20:04:47:%N,3057,4905,2000
20:04:47:%N,2645,6255,2000
20:04:47:%N,3222,4365,2000
20:04:47:%N,3387,3825,2000
20:04:47:%N,3030,4995,2000
20:04:47:%N,3318,4050,2000
20:04:47:%N,3511,4455,2000
20:04:48:%N,3016,5040,2000
20:04:48:%N,3126,4680,2000
20:04:48:%N,3099,4770,2000
20:04:48:%N,2989,5130,2000
20:04:48:%N,3112,4725,2000
20:04:48:%N,3167,4545,2000
20:04:48:%N,3126,4500,2000
20:04:48:%N,2879,5490,2000
20:04:48:%N,3236,-134,2000
20:04:49:%N,3044,4950,2000
20:04:49:%N,2865,4815,2000
20:04:49:%N,3154,4590,2000
20:04:49:%N,3236,4860,2000
20:04:49:%N,3277,4185,2000
20:04:49:%N,3648,2970,2000
20:04:49:%N,3263,4230,2000
20:04:49:%N,3099,3060,2000
20:04:50:%N,3126,4680,2000
20:04:50:%N,3277,4185,2000
20:04:50:%N,3318,4050,2000
20:04:50:%N,2961,5220,2000
20:04:50:%N,3044,4950,2000
20:04:50:%N,3044,4545,2000
20:04:50:%N,3236,4320,2000
20:04:50:%N,3208,4410,2000
20:04:50:%N,3291,3870,2000
20:04:51:%N,2371,7155,2000
20:04:51:%N,3195,4455,2000
20:04:51:%N,3030,4545,2000
20:04:51:%N,3263,4230,2000
20:04:51:%N,3277,4185,2000
20:04:51:%N,2975,5175,2000
20:04:51:%N,3057,4905,2000
20:04:51:%N,3263,4230,2000
20:04:52:%N,3195,3195,2000
20:04:52:%N,2604,6390,2000
20:04:52:%N,3195,4455,2000
20:04:52:%N,3057,4905,2000
20:04:52:%N,3442,3645,2000
20:04:52:%N,3236,4320,2000
20:04:52:%N,2865,5535,2000
20:04:52:%N,3414,3735,2000
20:04:52:%N,3208,4410,2000
20:04:53:%N,3236,4320,2000
20:04:53:%N,3730,2700,2000
20:04:53:%N,3318,4050,2000
20:04:53:%N,3208,4410,2000
20:04:53:%N,3016,5040,2000
20:04:53:%N,2865,5535,2000
20:04:53:%N,2893,5445,2000
20:04:53:%N,3250,4275,2000
20:04:53:%N,3153,4590,2000
20:04:54:%N,3854,2295,2000
20:04:54:%N,3332,5130,2000
20:04:54:%N,3126,4680,2000
20:04:54:%N,3002,5085,2000
20:04:54:%N,3140,4635,2000
20:04:54:%N,2810,5715,2000
20:04:54:%N,3195,4455,2000
20:04:54:%N,3195,4455,2000
20:04:55:%N,3497,3465,2000
20:04:55:%N,2426,6975,2000
20:04:55:%N,3208,4410,2000
20:04:55:%N,3607,3105,2000
20:04:55:%N,2975,5175,2000
20:04:55:%N,3044,4950,2000
20:04:55:%N,3153,4590,2000
20:04:55:%N,2989,5130,2000
20:04:55:%N,3140,4635,2000
20:04:56:%N,3195,4455,2000
20:04:56:%N,3016,5040,2000
20:04:56:%N,3360,3915,2000
20:04:56:%N,3057,4905,2000
20:04:56:%N,3126,4680,2000
20:04:56:%N,2948,5265,2000
20:04:56:%N,3208,4410,2000
20:04:56:%N,3154,4590,2000
20:04:57:%N,3373,3870,2000
20:04:57:%N,3318,4500,2000
20:04:57:%N,2879,5490,2000
20:04:57:%N,3181,4500,2000
20:04:57:%N,2947,5265,2000
20:04:57:%N,3085,4815,2000
20:04:57:%N,3126,4770,2000
20:04:57:%N,3153,4590,2000
20:04:57:%N,3442,3645,2000
20:04:58:%N,3428,3690,2000
20:04:58:%N,2796,5760,2000
20:04:58:%N,3318,4050,2000
20:04:58:%N,2481,6795,2000
20:04:58:%N,3222,5625,2000
20:04:58:%N,3030,4995,2000
20:04:58:%N,3099,4770,2000
20:04:58:%N,3167,4545,2000
20:04:58:%N,3305,4095,2000
20:04:59:%N,2700,4185,2000
20:04:59:%N,3318,4050,2000
20:04:59:%N,3071,4860,2000
20:04:59:%N,3222,4365,2000
20:04:59:%N,3250,4275,2000
20:04:59:%N,2810,5715,2000
20:04:59:%N,2975,6255,2000
20:04:59:%N,3318,4050,2000
20:05:00:%N,3332,4005,2000
20:05:00:%N,2989,5130,2000
20:05:00:%N,3222,4365,2000
20:05:00:%N,2893,5445,2000
20:05:00:%N,3099,4770,2000
20:05:00:%N,2851,5580,2000
20:05:00:%N,3167,4545,2000
20:05:00:%N,2947,5265,2000
20:05:00:%N,3277,5445,2000
20:05:01:%N,3167,4545,2000
20:05:01:%N,3112,4725,2000
20:05:01:%N,3208,4410,2000
20:05:01:%N,3085,4815,2000
20:05:01:%N,2975,5175,2000
20:05:01:%N,3167,4545,2000
20:05:01:%N,3222,4995,2000
20:05:02:%N,3318,4050,2000
20:05:02:%N,2934,5310,2000
20:05:02:%N,3112,4725,2000
20:05:02:%N,2906,5400,2000
20:05:02:%N,3236,4320,2000
20:05:02:%N,3044,4950,2000
20:05:02:%N,3099,4770,2000
20:05:02:%N,3263,4230,2000
20:05:02:%N,3085,4680,2000
20:05:03:%N,3057,4905,2000
20:05:03:%N,3085,4815,2000
20:05:03:%N,2879,5490,2000
20:05:03:%N,2330,7290,2000
20:05:03:%N,3277,4185,2000
20:05:03:%N,3099,4770,2000
20:05:03:%N,3456,3600,2000
20:05:03:%N,2906,5400,2000
20:05:03:%N,3181,4500,2000
20:05:04:%N,3524,3375,2000
20:05:04:%N,3195,4455,2000
20:05:04:%N,2947,5265,2000
20:05:04:%N,3153,3600,2000
20:05:04:%N,2755,5895,2000
20:05:04:%N,3387,3825,2000
20:05:04:%N,2714,6030,2000
20:05:04:%N,3044,4950,2000
20:05:05:%N,2838,5625,2000
20:05:05:%N,3181,4500,2000
20:05:05:%N,2975,5175,2000
20:05:05:%N,3044,4590,2000
20:05:05:%N,2192,7740,2000
20:05:05:%N,3250,4275,2000
20:05:05:%N,2920,5355,2000
20:05:05:%N,2796,5760,2000
20:05:05:%N,3318,4050,2000
20:05:06:%N,2879,5490,2000
20:05:06:%N,3002,5085,2000
20:05:06:%N,2728,5985,2000
20:05:06:%N,3208,4410,2000
20:05:06:%N,2783,5805,2000
20:05:06:%N,3071,4860,2000
20:05:06:%N,3250,4275,2000
20:05:06:%N,2371,7155,2000
20:05:07:%N,2549,6570,2000
20:05:07:%N,3359,3915,2000
20:05:07:%N,2824,5670,2000
20:05:07:%N,3442,3645,2000
20:05:07:%N,3291,5445,2000
20:05:07:%N,3208,4410,2000
20:05:07:%N,3016,5040,2000
20:05:07:%N,2934,4455,2000
20:05:07:%N,2769,5850,2000
20:05:08:%N,3387,3825,2000
20:05:08:%N,3222,4365,2000
20:05:08:%N,3359,3915,2000
20:05:08:%N,3250,4275,2000
20:05:08:%N,3030,4995,2000
20:05:08:%N,3002,5085,2000
20:05:08:%N,3002,5085,2000
20:05:08:%N,3153,4590,2000
20:05:08:%N,3016,5040,2000
20:05:09:%N,3112,4725,2000
20:05:09:%N,3277,4185,2000
