20:05:12:%N,2319,2025,2000
20:05:12:%N,2321,2025,2000
20:05:13:%N,2315,2025,2000
20:05:13:%N,2309,2025,2000
20:05:13:%N,2325,1980,2000
20:05:13:%N,2322,1980,2000
20:05:13:%N,2328,1980,2000
20:05:13:%N,2335,2025,2000
20:05:13:%N,2332,1980,2000
20:05:13:%N,2316,2025,2000
20:05:14:%N,2328,1980,2000
20:05:14:%N,2326,1980,2000
20:05:14:%N,2332,1980,2000
20:05:14:%N,2296,2070,2000
20:05:14:%N,2326,1980,2000
20:05:14:%N,2332,1980,2000
20:05:14:%N,2316,2025,2000
20:05:14:%N,2326,1980,2000
20:05:14:%N,2331,1980,2000
20:05:15:%N,2317,2025,2000
20:05:15:%N,2311,1980,2000
20:05:15:%N,2330,1980,2000
20:05:15:%N,2318,2025,2000
20:05:15:%N,2313,2025,2000
20:05:15:%N,2328,1980,2000
20:05:15:%N,2334,2025,2000
20:05:15:%N,2315,2025,2000
20:05:15:%N,2327,1980,2000
20:05:15:%N,2333,2025,2000
20:05:16:%N,2331,1980,2000
20:05:16:%N,2316,2025,2000
20:05:16:%N,2318,2025,2000
20:05:16:%N,2311,2025,2000
20:05:16:%N,2330,1980,2000
20:05:16:%N,2317,2025,2000
20:05:16:%N,2311,1980,2000
20:05:16:%N,2330,1980,2000
20:05:17:%N,2317,2025,2000
20:05:17:%N,2324,1980,2000
20:05:17:%N,2331,1980,2000
20:05:17:%N,2329,1980,2000
20:05:17:%N,2316,2025,2000
20:05:17:%N,2318,2025,2000
20:05:17:%N,2312,2025,2000
20:05:17:%N,2329,1980,2000
20:05:18:%N,2335,1980,2000
20:05:18:%N,2324,1980,2000
20:05:18:%N,2331,1980,2000
20:05:18:%N,2328,1980,2000
20:05:18:%N,2317,2025,2000
20:05:18:%N,2312,2025,2000
20:05:18:%N,2326,1980,2000
20:05:18:%N,2331,1980,2000
20:05:18:%N,2328,1980,2000
20:05:19:%N,2333,1980,2000
20:05:19:%N,2320,2025,2000
20:05:19:%N,2315,2025,2000
20:05:19:%N,2310,2025,2000
20:05:19:%N,2313,2025,2000
20:05:19:%N,2324,1980,2000
20:05:19:%N,2330,1980,2000
20:05:19:%N,2314,1980,2000
20:05:19:%N,2332,1980,2000
20:05:19:%N,2320,2025,2000
20:05:20:%N,2314,2025,2000
20:05:20:%N,2309,2025,2000
20:05:20:%N,2327,1980,2000
20:05:20:%N,2332,1980,2000
20:05:20:%N,2320,2025,2000
20:05:20:%N,2314,2025,2000
20:05:20:%N,2332,1980,2000
20:05:20:%N,2319,2025,2000
20:05:20:%N,2327,1980,2000
20:05:21:%N,2334,1980,2000
20:05:21:%N,2316,2025,2000
20:05:21:%N,2309,2025,2000
20:05:21:%N,2327,1980,2000
20:05:21:%N,2315,2025,2000
20:05:21:%N,2330,1980,2000
20:05:21:%N,2320,2025,2000
20:05:21:%N,2314,2025,2000
20:05:22:%N,2316,2025,2000
20:05:22:%N,2327,1980,2000
20:05:22:%N,2333,1980,2000
20:05:22:%N,2317,2025,2000
20:05:22:%N,2326,1980,2000
20:05:22:%N,2332,1980,2000
20:05:22:%N,2318,2025,2000
20:05:22:%N,2313,2025,2000
20:05:22:%N,2330,2025,2000
20:05:22:%N,2326,1980,2000
20:05:23:%N,2332,1980,2000
20:05:23:%N,2316,2025,2000
20:05:23:%N,2328,1980,2000
20:05:23:%N,2319,2025,2000
20:05:23:%N,2312,2025,2000
20:05:23:%N,2330,1980,2000
20:05:23:%N,2317,2025,2000
20:05:23:%N,2325,1980,2000
20:05:24:%N,2331,1980,2000
20:05:24:%N,2316,2025,2000
20:05:24:%N,2326,1980,2000
20:05:24:%N,2331,1980,2000
20:05:24:%N,2316,2025,2000
20:05:24:%N,2325,1980,2000
20:05:24:%N,2331,1980,2000
20:05:24:%N,2316,2025,2000
20:05:24:%N,2319,2025,2000
20:05:25:%N,2314,2025,2000
20:05:25:%N,2326,1980,2000
20:05:25:%N,2331,1980,2000
20:05:25:%N,2316,2025,2000
20:05:25:%N,2325,1980,2000
20:05:25:%N,2312,2025,2000
20:05:25:%N,2329,1980,2000
20:05:25:%N,2317,2025,2000
20:05:25:%N,2324,1980,2000
20:05:26:%N,2330,1980,2000
20:05:26:%N,2315,2025,2000
20:05:26:%N,2325,1980,2000
20:05:26:%N,2331,1980,2000
20:05:26:%N,2314,2025,2000
20:05:26:%N,2325,1980,2000
20:05:26:%N,2331,1980,2000
20:05:26:%N,2314,2025,2000
20:05:27:%N,2325,1980,2000
20:05:27:%N,2331,1980,2000
20:05:27:%N,2313,2025,2000
20:05:27:%N,2325,1980,2000
20:05:27:%N,2330,1980,2000
20:05:27:%N,2315,2025,2000
20:05:27:%N,2332,2025,2000
20:05:27:%N,2328,1980,2000
20:05:27:%N,2316,2025,2000
20:05:27:%N,2309,1980,2000
20:05:28:%N,2312,2025,2000
20:05:28:%N,2327,1980,2000
20:05:28:%N,2316,2025,2000
20:05:28:%N,2331,2025,2000
20:05:28:%N,2311,2025,2000
20:05:28:%N,2326,1980,2000
20:05:28:%N,2317,2025,2000
20:05:28:%N,2329,1980,2000
20:05:29:%N,2313,1980,2000
20:05:29:%N,2332,1980,2000
20:05:29:%N,2299,2070,2000
20:05:29:%N,2327,1980,2000
20:05:29:%N,2333,1980,2000
20:05:29:%N,2296,2070,2000
20:05:29:%N,2327,1980,2000
20:05:29:%N,2332,1980,2000
20:05:29:%N,2318,2025,2000
20:05:30:%N,2312,2025,2000
20:05:30:%N,2323,1980,2000
20:05:30:%N,2329,1980,2000
20:05:30:%N,2326,1980,2000
20:05:30:%N,2314,2025,2000
20:05:30:%N,2316,2025,2000
20:05:30:%N,2328,1980,2000
20:05:30:%N,2326,1980,2000
20:05:31:%N,2314,2025,2000
20:05:31:%N,2330,2025,2000
20:05:31:%N,2310,2025,2000
20:05:31:%N,2324,1980,2000
20:05:31:%N,2315,2025,2000
20:05:31:%N,2328,1980,2000
20:05:31:%N,2312,1980,2000
20:05:31:%N,2331,1980,2000
20:05:31:%N,2318,2025,2000
20:05:32:%N,2313,2025,2000
20:05:32:%N,2329,1980,2000
20:05:32:%N,2319,2025,2000
20:05:32:%N,2314,2025,2000
20:05:32:%N,2328,1980,2000
20:05:32:%N,2319,2025,2000
20:05:32:%N,2314,2025,2000
20:05:32:%N,2308,2025,2000
20:05:32:%N,2326,1980,2000
20:05:33:%N,2312,2025,2000
20:05:33:%N,2330,1980,2000
20:05:33:%N,2337,1980,2000
20:05:33:%N,2325,1980,2000
20:05:33:%N,2312,2025,2000
20:05:33:%N,2330,1980,2000
20:05:33:%N,2316,2025,2000
20:05:33:%N,2318,2025,2000
20:05:34:%N,2312,2025,2000
20:05:34:%N,2328,1980,2000
20:05:34:%N,2319,2025,2000
20:05:34:%N,2313,2025,2000
20:05:34:%N,2326,1980,2000
20:05:34:%N,2332,1980,2000
20:05:34:%N,2329,1980,2000
20:05:34:%N,2316,2025,2000
20:05:34:%N,2331,1980,2000
20:05:35:%N,2314,2025,2000
20:05:35:%N,2325,1980,2000
20:05:35:%N,2330,1980,2000
20:05:35:%N,2308,2070,2000
20:05:35:%N,2325,1980,2000
20:05:35:%N,2318,2025,2000
20:05:35:%N,2330,1980,2000
20:05:35:%N,2327,1980,2000
20:05:35:%N,2334,1980,2000
20:05:36:%N,2318,2025,2000
20:05:36:%N,2311,2025,2000
20:05:36:%N,2327,1980,2000
20:05:36:%N,2317,2025,2000
20:05:36:%N,2329,1980,2000
20:05:36:%N,2335,1980,2000
20:05:36:%N,2317,2025,2000
20:05:36:%N,2311,2025,2000
20:05:37:%N,2326,1980,2000
20:05:37:%N,2317,2025,2000
20:05:37:%N,2328,1980,2000
20:05:37:%N,2333,1980,2000
20:05:37:%N,2318,2025,2000
20:05:37:%N,2327,1980,2000
20:05:37:%N,2315,2025,2000
20:05:37:%N,2331,2025,2000
20:05:37:%N,2328,1980,2000
20:05:38:%N,2335,2025,2000
20:05:38:%N,2315,2025,2000
20:05:38:%N,2330,1980,2000
20:05:38:%N,2319,2025,2000
20:05:38:%N,2313,2025,2000
20:05:38:%N,2331,1980,2000
20:05:38:%N,2318,2025,2000
20:05:38:%N,2326,1980,2000
20:05:39:%N,2333,1980,2000
20:05:39:%N,2317,2025,2000
20:05:39:%N,2326,1980,2000
20:05:39:%N,2332,1980,2000
20:05:39:%N,2318,2025,2000
20:05:39:%N,2312,2025,2000
20:05:39:%N,2330,1980,2000
20:05:39:%N,2336,1980,2000
20:05:39:%N,2322,2025,2000
20:05:39:%N,2316,2025,2000
20:05:40:%N,2327,1980,2000
20:05:40:%N,2333,1980,2000
20:05:40:%N,2315,2025,2000
20:05:40:%N,2328,1980,2000
20:05:40:%N,2320,2025,2000
20:05:40:%N,2331,1980,2000
20:05:40:%N,2316,2025,2000
20:05:40:%N,2318,2025,2000
20:05:41:%N,2333,2025,2000
20:05:41:%N,2313,2025,2000
20:05:41:%N,2328,1980,2000
20:05:41:%N,2334,1980,2000
20:05:41:%N,2322,2025,2000
20:05:41:%N,2316,2025,2000
20:05:41:%N,2334,1980,2000
20:05:41:%N,2322,2025,2000
20:05:41:%N,2316,2025,2000
20:05:42:%N,2333,1980,2000
20:05:42:%N,2323,2025,2000
20:05:42:%N,2317,2025,2000
20:05:42:%N,2312,2025,2000
20:05:42:%N,2328,1980,2000
20:05:42:%N,2317,2025,2000
20:05:42:%N,2332,1980,2000
20:05:42:%N,2339,1980,2000
20:05:43:%N,2323,2025,2000
20:05:43:%N,2316,2025,2000
20:05:43:%N,2332,2025,2000
20:05:43:%N,2330,1980,2000
20:05:43:%N,2336,1980,2000
20:05:43:%N,2317,2025,2000
20:05:43:%N,2332,1980,2000
20:05:43:%N,2329,1980,2000
20:05:43:%N,2335,1980,2000
20:05:44:%N,2332,1980,2000
20:05:44:%N,2321,2025,2000
20:05:44:%N,2315,2025,2000
20:05:44:%N,2331,1980,2000
20:05:44:%N,2322,2025,2000
20:05:44:%N,2333,1980,2000
20:05:44:%N,2320,2025,2000
20:05:44:%N,2335,1980,2000
20:05:44:%N,2326,2025,2000
20:05:45:%N,2320,2025,2000
20:05:45:%N,2335,1980,2000
20:05:45:%N,2333,1980,2000
20:05:45:%N,2319,2025,2000
20:05:45:%N,2336,1980,2000
20:05:45:%N,2324,2025,2000
20:05:45:%N,2331,1980,2000
20:05:45:%N,2338,1980,2000
20:05:46:%N,2322,2025,2000
20:05:46:%N,2333,1980,2000
20:05:46:%N,2339,1980,2000
20:05:46:%N,2321,2025,2000
20:05:46:%N,2333,1980,2000
20:05:46:%N,2319,2025,2000
20:05:46:%N,2335,1980,2000
20:05:46:%N,2325,2025,2000
20:05:46:%N,2337,1980,2000
20:05:47:%N,2343,1980,2000
20:05:47:%N,2325,2025,2000
20:05:47:%N,2320,2025,2000
20:05:47:%N,2333,1980,2000
20:05:47:%N,2317,2025,2000
20:05:47:%N,2336,1980,2000
20:05:47:%N,2321,2025,2000
20:05:47:%N,2323,2025,2000
20:05:47:%N,2339,2025,2000
20:05:48:%N,2337,1980,2000
20:05:48:%N,2335,1980,2000
20:05:48:%N,2341,1980,2000
20:05:48:%N,2325,2025,2000
20:05:48:%N,2335,1980,2000
20:05:48:%N,2342,1980,2000
20:05:48:%N,2323,2025,2000
20:05:48:%N,2337,1980,2000
20:05:49:%N,2329,2025,2000
20:05:49:%N,2323,2025,2000
20:05:49:%N,2336,1980,2000
20:05:49:%N,2342,1980,2000
20:05:49:%N,2324,2025,2000
20:05:49:%N,2335,1980,2000
20:05:49:%N,2341,1980,2000
20:05:49:%N,2347,2070,2000
20:05:49:%N,2335,1980,2000
20:05:50:%N,2320,1980,2000
20:05:50:%N,2339,1980,2000
20:05:50:%N,2325,2025,2000
20:05:50:%N,2327,2025,2000
20:05:50:%N,2341,1980,2000
20:05:50:%N,2339,1980,2000
20:05:50:%N,2325,2025,2000
20:05:50:%N,2327,2025,2000
20:05:51:%N,2340,1980,2000
20:05:51:%N,2338,1980,2000
20:05:51:%N,2325,2025,2000
20:05:51:%N,2341,2025,2000
20:05:51:%N,2338,1980,2000
20:05:51:%N,2326,2025,2000
20:05:51:%N,2340,1980,2000
20:05:51:%N,2346,2025,2000
20:05:51:%N,2326,2025,2000
20:05:52:%N,2340,1980,2000
20:05:52:%N,2345,2025,2000
20:05:52:%N,2326,2025,2000
20:05:52:%N,2339,1980,2000
20:05:52:%N,2323,2025,2000
20:05:52:%N,2326,2025,2000
20:05:52:%N,2340,1980,2000
20:05:52:%N,2330,2025,2000
20:05:52:%N,2323,1980,2000
20:05:53:%N,2343,1980,2000
20:05:53:%N,2349,2025,2000
20:05:53:%N,2330,2025,2000
20:05:53:%N,2323,2025,2000
20:05:53:%N,2341,1980,2000
20:05:53:%N,2328,2025,2000
20:05:53:%N,2344,2025,2000
20:05:53:%N,2341,1980,2000
20:05:54:%N,2328,2025,2000
20:05:54:%N,2344,1980,2000
20:05:54:%N,2341,1980,2000
20:05:54:%N,2346,1980,2000
20:05:54:%N,2332,2025,2000
20:05:54:%N,2348,2025,2000
20:05:54:%N,2330,2025,2000
20:05:54:%N,2342,1980,2000
20:05:54:%N,2326,1980,2000
20:05:55:%N,2329,2025,2000
20:05:55:%N,2343,1980,2000
20:05:55:%N,2333,2025,2000
20:05:55:%N,2326,1980,2000
20:05:55:%N,2346,1980,2000
20:05:55:%N,2331,2025,2000
20:05:55:%N,2340,1980,2000
20:05:55:%N,2346,1980,2000
20:05:56:%N,2322,2070,2000
20:05:56:%N,2343,1980,2000
20:05:56:%N,2333,2025,2000
20:05:56:%N,2328,2025,2000
20:05:56:%N,2342,1980,2000
20:05:56:%N,2347,1980,2000
20:05:56:%N,2337,2025,2000
20:05:56:%N,2332,2025,2000
20:05:56:%N,2347,1980,2000
20:05:57:%N,2337,2025,2000
20:05:57:%N,2331,2025,2000
20:05:57:%N,2346,1980,2000
20:05:57:%N,2344,1980,2000
20:05:57:%N,2331,2025,2000
20:05:57:%N,2338,1980,2000
20:05:57:%N,2345,1980,2000
20:05:57:%N,2343,1980,2000
20:05:57:%N,2350,1980,2000
20:05:58:%N,2348,1980,2000
20:05:58:%N,2334,2025,2000
20:05:58:%N,2343,1980,2000
20:05:58:%N,2350,1980,2000
20:05:58:%N,2347,1980,2000
20:05:58:%N,2335,2025,2000
20:05:58:%N,2330,2025,2000
20:05:58:%N,2346,1980,2000
20:05:59:%N,2336,2025,2000
20:05:59:%N,2330,2025,2000
20:05:59:%N,2345,1980,2000
20:05:59:%N,2351,1980,2000
20:05:59:%N,2322,2070,2000
20:05:59:%N,2344,1980,2000
20:05:59:%N,2350,1980,2000
20:05:59:%N,2332,2025,2000
20:05:59:%N,2344,1980,2000
20:06:00:%N,2350,1980,2000
20:06:00:%N,2338,2025,2000
20:06:00:%N,2331,2025,2000
20:06:00:%N,2345,1980,2000
20:06:00:%N,2334,2025,2000
20:06:00:%N,2350,2025,2000
20:06:00:%N,2347,1980,2000
20:06:00:%N,2333,2025,2000
20:06:01:%N,2350,2025,2000
20:06:01:%N,2347,1980,2000
20:06:01:%N,2333,2025,2000
20:06:01:%N,2335,2025,2000
20:06:01:%N,2330,2025,2000
20:06:01:%N,2343,1980,2000
20:06:01:%N,2349,1980,2000
20:06:01:%N,2340,2025,2000
20:06:01:%N,2334,2025,2000
20:06:02:%N,2347,1980,2000
20:06:02:%N,2326,2070,2000
20:06:02:%N,2342,1980,2000
20:06:02:%N,2348,1980,2000
20:06:02:%N,2323,2070,2000
20:06:02:%N,2343,1980,2000
20:06:02:%N,2349,1980,2000
20:06:02:%N,2337,2025,2000
20:06:02:%N,2345,1980,2000
20:06:03:%N,2351,1980,2000
20:06:03:%N,2334,2025,2000
20:06:03:%N,2347,1980,2000
20:06:03:%N,2353,1980,2000
20:06:03:%N,2340,2025,2000
20:06:03:%N,2334,2025,2000
20:06:03:%N,2345,1980,2000
20:06:03:%N,2332,2025,2000
20:06:04:%N,2347,1980,2000
20:06:04:%N,2344,1980,2000
20:06:04:%N,2350,1980,2000
20:06:04:%N,2335,2025,2000
20:06:04:%N,2338,2025,2000
20:06:04:%N,2349,1980,2000
20:06:04:%N,2336,2025,2000
20:06:04:%N,2351,1980,2000
20:06:04:%N,2332,2025,2000
20:06:05:%N,2346,1980,2000
20:06:05:%N,2337,2025,2000
20:06:05:%N,2343,1980,2000
20:06:05:%N,2350,1980,2000
20:06:05:%N,2325,2070,2000
20:06:05:%N,2345,1980,2000
20:06:05:%N,2351,2025,2000
20:06:05:%N,2332,2025,2000
20:06:06:%N,2346,1980,2000
20:06:06:%N,2337,2025,2000
20:06:06:%N,2349,1980,2000
20:06:06:%N,2334,2025,2000
20:06:06:%N,2351,1980,2000
20:06:06:%N,2340,2025,2000
20:06:06:%N,2335,2025,2000
20:06:06:%N,2350,1980,2000
20:06:06:%N,2355,2025,2000
20:06:07:%N,2336,2025,2000
20:06:07:%N,2330,2025,2000
20:06:07:%N,2346,1980,2000
20:06:07:%N,2335,2025,2000
20:06:07:%N,2350,1980,2000
20:06:07:%N,2339,2025,2000
20:06:07:%N,2354,1980,2000
20:06:07:%N,2335,2025,2000
20:06:07:%N,2350,1980,2000
20:06:08:%N,2339,2025,2000
20:06:08:%N,2354,1980,2000
20:06:08:%N,2335,2025,2000
20:06:08:%N,2349,1980,2000
20:06:08:%N,2340,2025,2000
20:06:08:%N,2352,1980,2000
20:06:08:%N,2338,2025,2000
20:06:08:%N,2354,1980,2000
20:06:09:%N,2327,2070,2000
20:06:09:%N,2348,1980,2000
20:06:09:%N,2354,1980,2000
20:06:09:%N,2328,2070,2000
20:06:09:%N,2347,1980,2000
20:06:09:%N,2352,1980,2000
20:06:09:%N,2358,2070,2000
20:06:09:%N,2347,1980,2000
20:06:09:%N,2353,2025,2000
20:06:10:%N,2351,1980,2000
20:06:10:%N,2349,1980,2000
20:06:10:%N,2337,2025,2000
20:06:10:%N,Invalid RPMsg file Exiting...,Invalid RPMsg file Exiting...,Invalid RPMsg file Exiting...
20:06:10:%N,4032,3240,2000
20:06:10:%N,2909,5175,2000
20:06:11:%N,1892,5535,2000
20:06:11:%N,1372,4365,2000
20:06:11:%N,959,3780,2000
20:06:11:%N,979,2610,2000
20:06:11:%N,1027,2070,2000
20:06:11:%N,1201,1620,2000
20:06:11:%N,1470,1260,2000
20:06:11:%N,1893,720,2000
20:06:11:%N,2247,675,2000
20:06:12:%N,2540,810,2000
20:06:12:%N,2535,1575,2000
20:06:12:%N,2508,1935,2000
20:06:12:%N,2427,2160,2000
20:06:12:%N,2364,2250,2000
20:06:12:%N,2299,2205,2000
20:06:12:%N,2263,2160,2000
20:06:12:%N,2300,1980,2000
20:06:13:%N,2306,1980,2000
20:06:13:%N,2313,1980,2000
20:06:13:%N,2340,1935,2000
20:06:13:%N,2352,1935,2000
20:06:13:%N,2350,1980,2000
20:06:13:%N,2356,1980,2000
20:06:13:%N,2343,2025,2000
20:06:13:%N,2337,1980,2000
20:06:13:%N,2356,1980,2000
20:06:14:%N,2323,2070,2000
20:06:14:%N,2350,1980,2000
20:06:14:%N,2340,2025,2000
20:06:14:%N,2334,2025,2000
20:06:14:%N,2349,1980,2000
20:06:14:%N,2354,1980,2000
20:06:14:%N,2344,2025,2000
20:06:14:%N,2338,2025,2000
20:06:14:%N,2332,1980,2000
20:06:15:%N,2352,1980,2000
20:06:15:%N,2350,1980,2000
20:06:15:%N,2357,1980,2000
20:06:15:%N,2340,2025,2000
20:06:15:%N,2352,1980,2000
20:06:15:%N,2358,1980,2000
20:06:15:%N,2346,2025,2000
20:06:15:%N,2348,2025,2000
20:06:16:%N,2342,2025,2000
20:06:16:%N,2358,2025,2000
20:06:16:%N,2338,2025,2000
20:06:16:%N,2351,1980,2000
20:06:16:%N,2357,1980,2000
20:06:16:%N,2348,2025,2000
20:06:16:%N,2342,2025,2000
20:06:16:%N,2357,1980,2000
20:06:17:%N,2348,2025,2000
20:06:17:%N,2342,2025,2000
20:06:17:%N,2356,1980,2000
20:06:17:%N,2362,2025,2000
20:06:17:%N,2342,2025,2000
20:06:17:%N,2356,1980,2000
20:06:17:%N,2354,1980,2000
20:06:17:%N,2360,1980,2000
20:06:17:%N,2358,1980,2000
20:06:18:%N,2365,1980,2000
20:06:18:%N,2346,2025,2000
20:06:18:%N,2340,2025,2000
20:06:18:%N,2357,1980,2000
20:06:18:%N,2345,2025,2000
20:06:18:%N,2347,2025,2000
20:06:18:%N,2341,2025,2000
20:06:18:%N,2356,1980,2000
20:06:19:%N,2346,2025,2000
20:06:19:%N,2359,1980,2000
20:06:19:%N,2343,2025,2000
20:06:19:%N,2361,1980,2000
20:06:19:%N,2350,2025,2000
20:06:19:%N,2344,2025,2000
20:06:19:%N,2360,1980,2000
20:06:19:%N,2335,2070,2000
20:06:19:%N,2354,1980,2000
20:06:20:%N,2360,1980,2000
20:06:20:%N,2350,2025,2000
20:06:20:%N,2343,2025,2000
20:06:20:%N,2361,1980,2000
20:06:20:%N,2348,2025,2000
20:06:20:%N,2356,1980,2000
20:06:20:%N,2363,1980,2000
20:06:20:%N,2354,2025,2000
20:06:20:%N,2348,2025,2000
20:06:21:%N,2350,2025,2000
20:06:21:%N,2362,1980,2000
20:06:21:%N,2346,1980,2000
20:06:21:%N,2349,2025,2000
20:06:21:%N,2362,1980,2000
20:06:21:%N,2346,2025,2000
20:06:21:%N,2364,1980,2000
20:06:21:%N,2353,2025,2000
20:06:21:%N,2367,1980,2000
20:06:22:%N,2350,2025,2000
20:06:22:%N,2360,1980,2000
20:06:22:%N,2365,1980,2000
20:06:22:%N,2351,2025,2000
20:06:22:%N,2360,1980,2000
20:06:22:%N,2346,2025,2000
20:06:22:%N,2365,1980,2000
20:06:22:%N,2358,2025,2000
20:06:23:%N,2351,2025,2000
20:06:23:%N,2368,1980,2000
20:06:23:%N,2356,2025,2000
20:06:23:%N,2371,1980,2000
20:06:23:%N,2369,1980,2000
20:06:23:%N,2354,2025,2000
20:06:23:%N,2364,1980,2000
20:06:23:%N,2370,1980,2000
20:06:24:%N,2368,1980,2000
20:06:24:%N,2355,2025,2000
20:06:24:%N,2370,1980,2000
20:06:24:%N,2362,2025,2000
20:06:24:%N,2356,2025,2000
20:06:24:%N,2369,1980,2000
20:06:24:%N,2354,2025,2000
20:06:24:%N,2363,1980,2000
20:06:24:%N,2368,1980,2000
20:06:25:%N,2374,1980,2000
20:06:25:%N,2350,2070,2000
20:06:25:%N,2369,1980,2000
20:06:25:%N,2376,1980,2000
20:06:25:%N,2363,2025,2000
20:06:25:%N,2372,1980,2000
20:06:25:%N,2378,1980,2000
20:06:25:%N,2360,2025,2000
20:06:26:%N,2354,2025,2000
20:06:26:%N,2370,1980,2000
20:06:26:%N,2359,2025,2000
20:06:26:%N,2373,1980,2000
20:06:26:%N,2379,1980,2000
20:06:26:%N,2368,2025,2000
20:06:26:%N,2362,2025,2000
20:06:26:%N,2378,1980,2000
20:06:26:%N,2375,1980,2000
20:06:27:%N,2363,2025,2000
20:06:27:%N,2377,1980,2000
20:06:27:%N,2383,2025,2000
20:06:27:%N,2363,2025,2000
20:06:27:%N,2377,1980,2000
20:06:27:%N,2375,1980,2000
20:06:27:%N,2382,1980,2000
20:06:27:%N,2379,1980,2000
20:06:27:%N,2385,1980,2000
20:06:28:%N,2368,2025,2000
20:06:28:%N,2381,1980,2000
20:06:28:%N,2379,1980,2000
20:06:28:%N,2366,2025,2000
