06:56:58:%N,2209,1125,2000
06:56:58:%N,2473,1575,2000
06:56:58:%N,2441,1755,2000
06:56:58:%N,2440,1890,2000
06:56:58:%N,2385,2070,2000
06:56:58:%N,2335,2160,2000
06:56:58:%N,2313,2115,2000
06:56:59:%N,2308,2070,2000
06:56:59:%N,2292,2070,2000
06:56:59:%N,2297,2025,2000
06:56:59:%N,2308,1980,2000
06:56:59:%N,2332,1935,2000
06:56:59:%N,2326,2025,2000
06:56:59:%N,2324,1980,2000
06:56:59:%N,2311,2025,2000
06:56:59:%N,2325,1980,2000
06:56:59:%N,2330,1980,2000
06:57:00:%N,2335,2025,2000
06:57:00:%N,2316,2025,2000
06:57:00:%N,2328,1980,2000
06:57:00:%N,2315,2025,2000
06:57:00:%N,2331,2025,2000
06:57:00:%N,2329,1980,2000
06:57:00:%N,2313,2025,2000
06:57:00:%N,2325,1980,2000
06:57:01:%N,2330,1980,2000
06:57:01:%N,2328,1980,2000
06:57:01:%N,2314,2025,2000
06:57:01:%N,2317,2025,2000
06:57:01:%N,2311,2025,2000
06:57:01:%N,2326,1980,2000
06:57:01:%N,2316,2025,2000
06:57:01:%N,2329,1980,2000
06:57:01:%N,2327,1980,2000
06:57:02:%N,2332,1980,2000
06:57:02:%N,2336,1980,2000
06:57:02:%N,2305,2070,2000
06:57:02:%N,2329,1980,2000
06:57:02:%N,2334,2025,2000
06:57:02:%N,2331,1980,2000
06:57:02:%N,2319,2025,2000
06:57:02:%N,2333,1980,2000
06:57:02:%N,2317,2025,2000
06:57:02:%N,2328,1980,2000
06:57:03:%N,2314,2025,2000
06:57:03:%N,2331,1980,2000
06:57:03:%N,2319,2025,2000
06:57:03:%N,2334,1980,2000
06:57:03:%N,2316,2025,2000
06:57:03:%N,2330,1980,2000
06:57:03:%N,2320,2025,2000
06:57:03:%N,2314,2025,2000
06:57:04:%N,2331,1980,2000
06:57:04:%N,2319,2025,2000
06:57:04:%N,2314,2025,2000
06:57:04:%N,2331,1980,2000
06:57:04:%N,2335,1980,2000
06:57:04:%N,2324,2025,2000
06:57:04:%N,2319,2025,2000
06:57:04:%N,2334,1980,2000
06:57:04:%N,2324,2025,2000
06:57:04:%N,2319,2025,2000
06:57:05:%N,2333,1980,2000
06:57:05:%N,2338,1980,2000
06:57:05:%N,2320,2025,2000
06:57:05:%N,2333,1980,2000
06:57:05:%N,2325,2025,2000
06:57:05:%N,2319,2025,2000
06:57:05:%N,2334,1980,2000
06:57:05:%N,2323,2025,2000
06:57:06:%N,2338,1980,2000
06:57:06:%N,2336,1980,2000
06:57:06:%N,2322,2025,2000
06:57:06:%N,2325,2025,2000
06:57:06:%N,2320,2025,2000
06:57:06:%N,2333,1980,2000
06:57:06:%N,2337,1980,2000
06:57:06:%N,2342,2025,2000
06:57:06:%N,2339,1980,2000
06:57:07:%N,2327,2025,2000
06:57:07:%N,2341,1980,2000
06:57:07:%N,2325,2025,2000
06:57:07:%N,2335,1980,2000
06:57:07:%N,2340,1980,2000
06:57:07:%N,2345,1980,2000
06:57:07:%N,2329,1980,2000
06:57:07:%N,2332,2025,2000
06:57:07:%N,2326,2025,2000
06:57:08:%N,2328,2025,2000
06:57:08:%N,2342,1980,2000
06:57:08:%N,2348,1980,2000
06:57:08:%N,2354,1980,2000
06:57:08:%N,2351,1980,2000
06:57:08:%N,2357,1980,2000
06:57:08:%N,2341,2025,2000
06:57:08:%N,2351,1980,2000
06:57:08:%N,2356,1980,2000
06:57:09:%N,2361,1980,2000
06:57:09:%N,2346,2025,2000
06:57:09:%N,2355,1980,2000
06:57:09:%N,2360,1980,2000
06:57:09:%N,2346,2025,2000
06:57:09:%N,2342,2025,2000
06:57:09:%N,2358,2025,2000
06:57:09:%N,2355,1980,2000
06:57:09:%N,2343,2025,2000
06:57:09:%N,2358,1980,2000
06:57:10:%N,2347,2025,2000
06:57:10:%N,2342,2025,2000
06:57:10:%N,2360,1980,2000
06:57:10:%N,2345,2025,2000
06:57:10:%N,2348,2025,2000
06:57:10:%N,2360,1980,2000
06:57:10:%N,2345,2025,2000
06:57:10:%N,2355,1980,2000
06:57:11:%N,2343,2025,2000
06:57:11:%N,2358,1980,2000
06:57:11:%N,2348,2025,2000
06:57:11:%N,2360,1980,2000
06:57:11:%N,2327,2070,2000
06:57:11:%N,2354,1980,2000
06:57:11:%N,2359,1980,2000
06:57:11:%N,2347,2025,2000
06:57:11:%N,2343,2025,2000
06:57:11:%N,2357,1980,2000
06:57:12:%N,2341,2025,2000
06:57:12:%N,2351,1980,2000
06:57:12:%N,2338,2025,2000
06:57:12:%N,2355,1980,2000
06:57:12:%N,2342,2025,2000
06:57:12:%N,2359,1980,2000
06:57:12:%N,2346,2025,2000
06:57:12:%N,2341,1980,2000
06:57:13:%N,2343,2025,2000
06:57:13:%N,2357,1980,2000
06:57:13:%N,2354,1980,2000
06:57:13:%N,2343,2025,2000
06:57:13:%N,2338,2025,2000
06:57:13:%N,2355,1980,2000
06:57:13:%N,2360,1980,2000
06:57:13:%N,2346,2025,2000
06:57:13:%N,2348,2025,2000
06:57:14:%N,2359,1980,2000
06:57:14:%N,2347,2025,2000
06:57:14:%N,2343,2025,2000
06:57:14:%N,2357,1980,2000
06:57:14:%N,2362,2025,2000
06:57:14:%N,2359,1980,2000
06:57:14:%N,2346,2025,2000
06:57:14:%N,2348,2025,2000
06:57:14:%N,2343,2025,2000
06:57:15:%N,2358,1980,2000
06:57:15:%N,2364,1980,2000
06:57:15:%N,2349,2025,2000
06:57:15:%N,2360,1980,2000
06:57:15:%N,2365,1980,2000
06:57:15:%N,2342,2070,2000
06:57:15:%N,2360,1980,2000
06:57:15:%N,2366,1980,2000
06:57:15:%N,2348,2025,2000
06:57:16:%N,2360,1980,2000
06:57:16:%N,2365,1980,2000
06:57:16:%N,2349,2025,2000
06:57:16:%N,2359,1980,2000
06:57:16:%N,2364,1980,2000
06:57:16:%N,2350,2025,2000
06:57:16:%N,2366,2025,2000
06:57:16:%N,2363,1980,2000
06:57:16:%N,2351,2025,2000
06:57:17:%N,2366,1980,2000
06:57:17:%N,2348,2025,2000
06:57:17:%N,2360,1980,2000
06:57:17:%N,2366,1980,2000
06:57:17:%N,2364,1980,2000
06:57:17:%N,2349,2025,2000
06:57:17:%N,2351,2025,2000
06:57:17:%N,2366,1980,2000
06:57:17:%N,2363,1980,2000
06:57:18:%N,2351,2025,2000
06:57:18:%N,2366,1980,2000
06:57:18:%N,2370,2025,2000
06:57:18:%N,2351,2025,2000
06:57:18:%N,2365,1980,2000
06:57:18:%N,2349,2025,2000
06:57:18:%N,2352,2025,2000
06:57:18:%N,2363,1980,2000
06:57:18:%N,2368,1980,2000
06:57:19:%N,2336,2070,2000
06:57:19:%N,2362,1980,2000
06:57:19:%N,2366,1980,2000
06:57:19:%N,2355,2025,2000
06:57:19:%N,2350,2025,2000
06:57:19:%N,2366,1980,2000
06:57:19:%N,2355,2025,2000
06:57:19:%N,2369,1980,2000
06:57:19:%N,2353,2025,2000
06:57:19:%N,2356,2025,2000
06:57:20:%N,2368,1980,2000
06:57:20:%N,2354,2025,2000
06:57:20:%N,2349,1980,2000
06:57:20:%N,2367,1980,2000
06:57:20:%N,2355,2025,2000
06:57:20:%N,2368,1980,2000
06:57:20:%N,2373,1980,2000
06:57:20:%N,2358,2025,2000
06:57:20:%N,2374,1980,2000
06:57:20:%N,2371,1980,2000
06:57:21:%N,2359,2025,2000
06:57:21:%N,2354,2025,2000
06:57:21:%N,2370,1980,2000
06:57:21:%N,2367,1980,2000
06:57:21:%N,2372,1980,2000
06:57:21:%N,2377,1980,2000
06:57:21:%N,2361,1980,2000
06:57:21:%N,2379,1980,2000
06:57:21:%N,2366,2025,2000
06:57:22:%N,2361,2025,2000
06:57:22:%N,2379,1980,2000
06:57:22:%N,2367,2025,2000
06:57:22:%N,2380,1980,2000
06:57:22:%N,2366,2025,2000
06:57:22:%N,2368,2025,2000
06:57:22:%N,2363,2025,2000
06:57:22:%N,2378,1980,2000
06:57:22:%N,2375,1980,2000
06:57:23:%N,2380,1980,2000
06:57:23:%N,2366,2025,2000
06:57:23:%N,2382,2025,2000
06:57:23:%N,2363,2025,2000
06:57:23:%N,2376,1980,2000
06:57:23:%N,2381,1980,2000
06:57:23:%N,2364,2025,2000
06:57:23:%N,2375,1980,2000
06:57:23:%N,2380,1980,2000
06:57:23:%N,2385,1980,2000
06:57:24:%N,2349,2070,2000
06:57:24:%N,2379,1980,2000
06:57:24:%N,2384,1980,2000
06:57:24:%N,2370,2025,2000
06:57:24:%N,2366,2025,2000
06:57:24:%N,2382,1980,2000
06:57:24:%N,2386,2025,2000
06:57:24:%N,2368,2025,2000
06:57:24:%N,2379,1980,2000
06:57:24:%N,2384,1980,2000
06:57:25:%N,2370,2025,2000
06:57:25:%N,2365,2025,2000
06:57:25:%N,2368,2025,2000
06:57:25:%N,2363,2025,2000
06:57:25:%N,2376,1980,2000
06:57:25:%N,2380,1980,2000
06:57:25:%N,2366,2025,2000
06:57:25:%N,2382,1980,2000
06:57:25:%N,2371,2025,2000
06:57:25:%N,2385,1980,2000
06:57:26:%N,2369,2025,2000
06:57:26:%N,2379,1980,2000
06:57:26:%N,2367,2025,2000
06:57:26:%N,2381,1980,2000
06:57:26:%N,2365,1980,2000
06:57:26:%N,2383,1980,2000
06:57:26:%N,2371,2025,2000
06:57:26:%N,2366,2025,2000
06:57:26:%N,2382,1980,2000
06:57:27:%N,2372,2025,2000
06:57:27:%N,2368,2025,2000
06:57:27:%N,2380,1980,2000
06:57:27:%N,2385,1980,2000
06:57:27:%N,2369,2025,2000
06:57:27:%N,2379,1980,2000
06:57:27:%N,2383,1980,2000
06:57:27:%N,2388,1980,2000
06:57:27:%N,2375,2025,2000
06:57:27:%N,2370,2025,2000
06:57:28:%N,2386,1980,2000
06:57:28:%N,2375,2025,2000
06:57:28:%N,2369,2025,2000
06:57:28:%N,2387,1980,2000
06:57:28:%N,2375,2025,2000
06:57:28:%N,2370,2025,2000
06:57:28:%N,2386,1980,2000
06:57:28:%N,2383,1980,2000
06:57:28:%N,2371,2025,2000
06:57:29:%N,2386,1980,2000
06:57:29:%N,2383,1980,2000
06:57:29:%N,2371,2025,2000
06:57:29:%N,2384,1980,2000
06:57:29:%N,2369,2025,2000
06:57:29:%N,2365,1980,2000
06:57:29:%N,2382,1980,2000
06:57:29:%N,2372,2025,2000
06:57:29:%N,2384,1980,2000
06:57:29:%N,2389,1980,2000
06:57:30:%N,2373,2025,2000
06:57:30:%N,2368,2025,2000
06:57:30:%N,2379,1980,2000
06:57:30:%N,2384,1980,2000
06:57:30:%N,2369,2025,2000
06:57:30:%N,2379,1980,2000
06:57:30:%N,2384,1980,2000
06:57:30:%N,2369,2025,2000
06:57:30:%N,2379,1980,2000
06:57:31:%N,2385,1980,2000
06:57:31:%N,2390,2025,2000
06:57:31:%N,2370,2025,2000
06:57:31:%N,2385,1980,2000
06:57:31:%N,2368,2025,2000
06:57:31:%N,2379,1980,2000
06:57:31:%N,2384,1980,2000
06:57:31:%N,2370,2025,2000
06:57:31:%N,2386,2025,2000
06:57:31:%N,2383,1980,2000
06:57:32:%N,2370,2025,2000
06:57:32:%N,2365,2025,2000
06:57:32:%N,2383,1980,2000
06:57:32:%N,2371,2025,2000
06:57:32:%N,2365,2025,2000
06:57:32:%N,2383,1980,2000
06:57:32:%N,2389,1980,2000
06:57:32:%N,2378,1980,2000
06:57:33:%N,2384,1980,2000
06:57:33:%N,2376,2025,2000
06:57:33:%N,2370,2025,2000
