20:06:35:%N,2377,2025,2000
20:06:35:%N,2385,1980,2000
20:06:35:%N,2390,1980,2000
20:06:36:%N,2375,2025,2000
20:06:36:%N,2385,1980,2000
20:06:36:%N,2390,1980,2000
20:06:36:%N,2375,2025,2000
20:06:36:%N,2385,1980,2000
20:06:36:%N,2372,2025,2000
20:06:36:%N,2388,1980,2000
20:06:36:%N,2377,2025,2000
20:06:36:%N,2371,2025,2000
20:06:37:%N,2367,1980,2000
20:06:37:%N,2385,1980,2000
20:06:37:%N,2373,2025,2000
20:06:37:%N,2386,1980,2000
20:06:37:%N,2372,2025,2000
20:06:37:%N,2388,1980,2000
20:06:37:%N,2378,2025,2000
20:06:37:%N,2373,2025,2000
20:06:37:%N,2387,1980,2000
20:06:37:%N,2391,1980,2000
20:06:38:%N,2389,1980,2000
20:06:38:%N,2377,2025,2000
20:06:38:%N,2390,1980,2000
20:06:38:%N,2375,2025,2000
20:06:38:%N,2385,1980,2000
20:06:38:%N,2390,1980,2000
20:06:38:%N,2395,1980,2000
20:06:38:%N,2378,2025,2000
20:06:38:%N,2390,1980,2000
20:06:39:%N,2375,2025,2000
20:06:39:%N,2385,1980,2000
20:06:39:%N,2389,1980,2000
20:06:39:%N,2376,2025,2000
20:06:39:%N,2390,1980,2000
20:06:39:%N,2375,2025,2000
20:06:39:%N,2371,2025,2000
20:06:39:%N,2374,2025,2000
20:06:39:%N,2385,1980,2000
20:06:39:%N,2390,1980,2000
20:06:40:%N,2375,2025,2000
20:06:40:%N,2378,2025,2000
20:06:40:%N,2389,1980,2000
20:06:40:%N,2394,1980,2000
20:06:40:%N,2379,2025,2000
20:06:40:%N,2388,1980,2000
20:06:40:%N,2377,2025,2000
20:06:40:%N,2371,2025,2000
20:06:40:%N,2388,1980,2000
20:06:40:%N,2393,1980,2000
20:06:41:%N,2359,2070,2000
20:06:41:%N,2388,1980,2000
20:06:41:%N,2393,1980,2000
20:06:41:%N,2380,2025,2000
20:06:41:%N,2375,2025,2000
20:06:41:%N,2391,1980,2000
20:06:41:%N,2381,2025,2000
20:06:41:%N,2376,2025,2000
20:06:41:%N,2391,1980,2000
20:06:42:%N,2374,1980,2000
20:06:42:%N,2377,2025,2000
20:06:42:%N,2390,1980,2000
20:06:42:%N,2376,2025,2000
20:06:42:%N,2391,1980,2000
20:06:42:%N,2388,1980,2000
20:06:42:%N,2393,1980,2000
20:06:42:%N,2379,2025,2000
20:06:42:%N,2381,2025,2000
20:06:43:%N,2394,1980,2000
20:06:43:%N,2379,2025,2000
20:06:43:%N,2382,2025,2000
20:06:43:%N,2393,1980,2000
20:06:43:%N,2379,2025,2000
20:06:43:%N,2395,2025,2000
20:06:43:%N,2392,1980,2000
20:06:43:%N,2381,2025,2000
20:06:43:%N,2376,2025,2000
20:06:43:%N,2391,1980,2000
20:06:44:%N,2395,2025,2000
20:06:44:%N,2392,1980,2000
20:06:44:%N,3024,360,2000
20:06:44:%N,3531,0,2000
20:06:44:%N,3945,0,2000
20:06:44:%N,4096,0,2000
20:06:44:%N,4096,0,2000
20:06:44:%N,4096,0,2000
20:06:44:%N,4096,0,2000
20:06:44:%N,4096,0,2000
20:06:45:%N,4096,0,2000
20:06:45:%N,4096,0,2000
20:06:45:%N,4096,0,2000
20:06:45:%N,4096,0,2000
20:06:45:%N,4096,855,2000
20:06:45:%N,4096,5895,2000
20:06:45:%N,4096,6165,2000
20:06:45:%N,4096,6300,2000
20:06:45:%N,3387,6300,2000
20:06:46:%N,2614,6075,2000
20:06:46:%N,1934,4995,2000
20:06:46:%N,1671,4320,2000
20:06:46:%N,1411,3690,2000
20:06:46:%N,1286,3150,2000
20:06:46:%N,1309,2160,2000
20:06:46:%N,1551,1755,2000
20:06:46:%N,1733,1395,2000
20:06:46:%N,1955,1170,2000
20:06:46:%N,2204,1035,2000
20:06:47:%N,2404,1125,2000
20:06:47:%N,2506,1395,2000
20:06:47:%N,2467,1845,2000
20:06:47:%N,2437,2025,2000
20:06:47:%N,2389,2115,2000
20:06:47:%N,2364,2115,2000
20:06:47:%N,2340,2115,2000
20:06:47:%N,2336,2070,2000
20:06:48:%N,2357,1980,2000
20:06:48:%N,2346,2025,2000
20:06:48:%N,2341,2025,2000
20:06:48:%N,2356,1980,2000
20:06:48:%N,2353,1980,2000
20:06:48:%N,2358,1980,2000
20:06:48:%N,2363,1980,2000
20:06:48:%N,2368,1980,2000
20:06:48:%N,2372,2025,2000
20:06:48:%N,2369,1980,2000
20:06:49:%N,2374,1980,2000
20:06:49:%N,2378,1980,2000
20:06:49:%N,2362,1980,2000
20:06:49:%N,2365,2025,2000
20:06:49:%N,2379,1980,2000
20:06:49:%N,2384,1980,2000
20:06:49:%N,2389,1980,2000
20:06:49:%N,2394,1980,2000
20:06:49:%N,2391,1980,2000
20:06:50:%N,2380,2025,2000
20:06:50:%N,2375,2025,2000
20:06:50:%N,2390,1980,2000
20:06:50:%N,2387,1980,2000
20:06:50:%N,2392,1980,2000
20:06:50:%N,2397,1980,2000
20:06:50:%N,2382,2025,2000
20:06:50:%N,2391,1980,2000
20:06:50:%N,2396,1980,2000
20:06:50:%N,2401,1980,2000
20:06:51:%N,2386,2025,2000
20:06:51:%N,2382,2025,2000
20:06:51:%N,2391,1980,2000
20:06:51:%N,2380,2025,2000
20:06:51:%N,2394,1980,2000
20:06:51:%N,2385,2025,2000
20:06:51:%N,2396,1980,2000
20:06:51:%N,2382,2025,2000
20:06:51:%N,2399,2025,2000
20:06:52:%N,2380,2025,2000
20:06:52:%N,2393,1980,2000
20:06:52:%N,2398,1980,2000
20:06:52:%N,2381,2025,2000
20:06:52:%N,2393,1980,2000
20:06:52:%N,2398,1980,2000
20:06:52:%N,2382,2025,2000
20:06:52:%N,2392,1980,2000
20:06:52:%N,2396,1980,2000
20:06:53:%N,2401,1980,2000
20:06:53:%N,2386,2025,2000
20:06:53:%N,2381,1980,2000
20:06:53:%N,2399,1980,2000
20:06:53:%N,2387,2025,2000
20:06:53:%N,2382,2025,2000
20:06:53:%N,2391,1980,2000
20:06:53:%N,2396,1980,2000
20:06:53:%N,2382,2025,2000
20:06:53:%N,2335,1980,2000
20:06:54:%N,2381,1980,2000
20:06:54:%N,2403,1935,2000
20:06:54:%N,2398,1980,2000
20:06:54:%N,2403,1980,2000
20:06:54:%N,2391,2025,2000
20:06:54:%N,2385,2025,2000
20:06:54:%N,3403,0,2000
20:06:54:%N,3868,0,2000
20:06:54:%N,4096,0,2000
20:06:55:%N,4096,0,2000
20:06:55:%N,4096,0,2000
20:06:55:%N,4096,0,2000
20:06:55:%N,4096,0,2000
20:06:55:%N,4096,0,2000
20:06:55:%N,4096,0,2000
20:06:55:%N,4096,0,2000
20:06:55:%N,4096,0,2000
20:06:55:%N,4096,0,2000
20:06:56:%N,4096,0,2000
20:06:56:%N,4096,0,2000
20:06:56:%N,4096,0,2000
20:06:56:%N,4096,0,2000
20:06:56:%N,4096,0,2000
20:06:56:%N,4096,0,2000
20:06:56:%N,4096,0,2000
20:06:56:%N,4096,0,2000
20:06:56:%N,4096,0,2000
20:06:56:%N,4096,0,2000
20:06:57:%N,4096,0,2000
20:06:57:%N,4096,0,2000
20:06:57:%N,4096,5175,2000
20:06:57:%N,4096,5985,2000
20:06:57:%N,4096,6255,2000
20:06:57:%N,4096,6255,2000
20:06:57:%N,4096,6300,2000
20:06:57:%N,4096,6525,2000
20:06:57:%N,4096,6255,2000
20:06:58:%N,4096,6390,2000
20:06:58:%N,4096,6300,2000
20:06:58:%N,3681,6255,2000
20:06:58:%N,2653,6030,2000
20:06:58:%N,2077,4905,2000
20:06:58:%N,1557,4320,2000
20:06:58:%N,1447,3150,2000
20:06:58:%N,1380,2610,2000
20:06:59:%N,1579,1800,2000
20:06:59:%N,1771,1440,2000
20:06:59:%N,2037,1080,2000
20:06:59:%N,2294,1080,2000
20:06:59:%N,2490,1170,2000
20:06:59:%N,2481,1710,2000
20:06:59:%N,2496,1845,2000
20:06:59:%N,2448,2115,2000
20:06:59:%N,2398,2115,2000
20:07:00:%N,2391,2070,2000
20:07:00:%N,2377,2070,2000
20:07:00:%N,2362,2025,2000
20:07:00:%N,2370,2025,2000
20:07:00:%N,2383,1980,2000
20:07:00:%N,2389,1980,2000
20:07:00:%N,2394,1980,2000
20:07:00:%N,2380,2025,2000
20:07:00:%N,2397,1980,2000
20:07:01:%N,2385,2025,2000
20:07:01:%N,2386,2025,2000
20:07:01:%N,2380,2025,2000
20:07:01:%N,2397,1980,2000
20:07:01:%N,2384,2025,2000
20:07:01:%N,2401,1980,2000
20:07:01:%N,2407,1980,2000
20:07:01:%N,2405,1980,2000
20:07:02:%N,2428,1935,2000
20:07:02:%N,2403,2025,2000
20:07:02:%N,2398,2025,2000
20:07:02:%N,2409,1980,2000
20:07:02:%N,2396,2025,2000
20:07:02:%N,2391,1980,2000
20:07:02:%N,2393,2025,2000
20:07:02:%N,2406,1980,2000
20:07:02:%N,2412,2025,2000
20:07:03:%N,2409,1980,2000
20:07:03:%N,2413,1980,2000
20:07:03:%N,2399,2025,2000
20:07:03:%N,2401,2025,2000
20:07:03:%N,2414,1980,2000
20:07:03:%N,2413,1980,2000
20:07:03:%N,2399,2025,2000
20:07:03:%N,2400,2025,2000
20:07:04:%N,2415,1980,2000
20:07:04:%N,2412,1980,2000
20:07:04:%N,2400,2025,2000
20:07:04:%N,2415,1980,2000
20:07:04:%N,2412,1980,2000
20:07:04:%N,2417,1980,2000
20:07:04:%N,2422,1980,2000
20:07:04:%N,2406,2025,2000
20:07:04:%N,2401,2025,2000
20:07:05:%N,2414,1980,2000
20:07:05:%N,2398,1980,2000
20:07:05:%N,2416,1980,2000
20:07:05:%N,2387,2070,2000
20:07:05:%N,2410,1980,2000
20:07:05:%N,2415,1980,2000
20:07:05:%N,2405,2025,2000
20:07:05:%N,2418,1980,2000
20:07:05:%N,2416,1980,2000
20:07:06:%N,2403,2025,2000
20:07:06:%N,2413,1980,2000
20:07:06:%N,2418,1980,2000
20:07:06:%N,2409,2025,2000
20:07:06:%N,2403,2025,2000
20:07:06:%N,2405,2025,2000
20:07:06:%N,2417,1980,2000
20:07:06:%N,2402,2025,2000
20:07:06:%N,2413,1980,2000
20:07:07:%N,2399,2025,2000
20:07:07:%N,2415,1980,2000
20:07:07:%N,2405,2025,2000
20:07:07:%N,2417,1980,2000
20:07:07:%N,2403,2025,2000
20:07:07:%N,2398,1980,2000
20:07:07:%N,2401,2025,2000
20:07:07:%N,2414,1980,2000
20:07:07:%N,2399,2025,2000
20:07:08:%N,2408,1980,2000
20:07:08:%N,2414,1980,2000
20:07:08:%N,2397,2025,2000
20:07:08:%N,2411,1980,2000
20:07:08:%N,2416,1980,2000
20:07:08:%N,2403,2025,2000
20:07:08:%N,2412,1980,2000
20:07:08:%N,2418,1980,2000
20:07:09:%N,2401,2025,2000
20:07:09:%N,2415,1980,2000
20:07:09:%N,2421,1980,2000
20:07:09:%N,2385,1980,2000
20:07:09:%N,2401,2025,2000
20:07:09:%N,2414,1980,2000
20:07:09:%N,2398,1980,2000
20:07:09:%N,2401,2025,2000
20:07:10:%N,2413,1980,2000
20:07:10:%N,2418,1980,2000
20:07:10:%N,2416,1980,2000
20:07:10:%N,2421,1980,2000
20:07:10:%N,2407,2025,2000
20:07:10:%N,2402,2025,2000
20:07:10:%N,2420,1980,2000
20:07:10:%N,2407,2025,2000
20:07:10:%N,2416,1980,2000
20:07:11:%N,2403,2025,2000
20:07:11:%N,2413,1980,2000
20:07:11:%N,2418,1980,2000
20:07:11:%N,2401,2025,2000
20:07:11:%N,2413,1980,2000
20:07:11:%N,2417,1980,2000
20:07:11:%N,2402,2025,2000
20:07:11:%N,2412,1980,2000
20:07:11:%N,2417,1980,2000
20:07:12:%N,2422,1980,2000
20:07:12:%N,2385,1980,2000
20:07:12:%N,2401,2025,2000
20:07:12:%N,2413,1980,2000
20:07:12:%N,2418,1980,2000
20:07:12:%N,2402,2025,2000
20:07:12:%N,2419,1980,2000
20:07:12:%N,2408,2025,2000
20:07:12:%N,2403,2025,2000
20:07:13:%N,2419,2025,2000
20:07:13:%N,2401,2025,2000
20:07:13:%N,2414,1980,2000
20:07:13:%N,2378,2025,2000
20:07:13:%N,2401,1980,2000
20:07:13:%N,2406,1980,2000
20:07:13:%N,2411,1980,2000
20:07:13:%N,2401,2025,2000
20:07:13:%N,2413,1980,2000
20:07:13:%N,2418,1980,2000
20:07:14:%N,2409,2025,2000
20:07:14:%N,2404,2025,2000
20:07:14:%N,2417,1980,2000
20:07:14:%N,2403,2025,2000
20:07:14:%N,2398,2025,2000
20:07:14:%N,2415,1980,2000
20:07:14:%N,2420,1980,2000
20:07:14:%N,2407,2025,2000
20:07:14:%N,2402,2025,2000
20:07:15:%N,2412,1980,2000
20:07:15:%N,2417,1980,2000
20:07:15:%N,2403,2025,2000
20:07:15:%N,2419,1980,2000
20:07:15:%N,2408,2025,2000
20:07:15:%N,2403,2025,2000
20:07:15:%N,2405,2025,2000
20:07:15:%N,2417,1980,2000
20:07:15:%N,2402,2025,2000
20:07:16:%N,2405,2025,2000
20:07:16:%N,2400,2025,2000
20:07:16:%N,2414,1980,2000
20:07:16:%N,2405,2025,2000
20:07:16:%N,2400,2025,2000
20:07:16:%N,2414,1980,2000
20:07:16:%N,2419,1980,2000
20:07:16:%N,2401,2025,2000
20:07:16:%N,2413,1980,2000
20:07:17:%N,2418,1980,2000
20:07:17:%N,2422,1980,2000
20:07:17:%N,2405,2025,2000
20:07:17:%N,2416,1980,2000
20:07:17:%N,2421,1980,2000
20:07:17:%N,2406,2025,2000
20:07:17:%N,2401,2025,2000
20:07:17:%N,2413,1980,2000
20:07:17:%N,2398,1980,2000
20:07:17:%N,2416,1980,2000
20:07:18:%N,2421,1980,2000
20:07:18:%N,2406,2025,2000
20:07:18:%N,2416,1980,2000
20:07:18:%N,2420,1980,2000
20:07:18:%N,2426,1980,2000
20:07:18:%N,2423,1980,2000
20:07:18:%N,2411,2025,2000
20:07:18:%N,2406,2025,2000
20:07:18:%N,2423,1980,2000
20:07:19:%N,2412,2025,2000
20:07:19:%N,2408,2025,2000
20:07:19:%N,2421,1980,2000
20:07:19:%N,2426,1980,2000
20:07:19:%N,2409,2025,2000
20:07:19:%N,2420,1980,2000
20:07:19:%N,2425,1980,2000
20:07:19:%N,2410,2025,2000
20:07:19:%N,2419,1980,2000
20:07:20:%N,2424,1980,2000
20:07:20:%N,2410,2025,2000
20:07:20:%N,2419,1980,2000
20:07:20:%N,2425,1980,2000
20:07:20:%N,2409,2025,2000
20:07:20:%N,2412,2025,2000
20:07:20:%N,2425,1980,2000
20:07:20:%N,2430,1980,2000
20:07:20:%N,2420,2025,2000
20:07:21:%N,2415,2025,2000
20:07:21:%N,2429,1980,2000
20:07:21:%N,2434,1980,2000
20:07:21:%N,2424,2025,2000
20:07:21:%N,2419,2025,2000
20:07:21:%N,2433,1980,2000
20:07:21:%N,2438,2070,2000
20:07:21:%N,2427,1980,2000
20:07:21:%N,2432,1980,2000
20:07:21:%N,2418,2025,2000
20:07:22:%N,2433,1980,2000
20:07:22:%N,2417,2025,2000
20:07:22:%N,2427,1980,2000
20:07:22:%N,2433,1980,2000
20:07:22:%N,2416,2025,2000
20:07:22:%N,2428,1980,2000
20:07:22:%N,2433,1980,2000
20:07:22:%N,2424,2025,2000
20:07:22:%N,2435,1980,2000
20:07:23:%N,2422,2025,2000
20:07:23:%N,2437,1980,2000
20:07:23:%N,2435,1980,2000
20:07:23:%N,2422,2025,2000
20:07:23:%N,2437,1980,2000
20:07:23:%N,2434,1980,2000
20:07:23:%N,2423,2025,2000
20:07:23:%N,2436,1980,2000
20:07:23:%N,2441,1980,2000
20:07:23:%N,2424,1980,2000
20:07:24:%N,2442,1980,2000
20:07:24:%N,2430,2025,2000
20:07:24:%N,2445,1980,2000
20:07:24:%N,2621,1440,2000
20:07:24:%N,0,-44,2000
20:07:24:%N,0,0,2000
20:07:24:%N,0,-44,2000
20:07:24:%N,0,0,2000
20:07:24:%N,0,0,2000
20:07:25:%N,0,0,2000
20:07:25:%N,0,0,2000
20:07:25:%N,0,0,2000
20:07:25:%N,0,0,2000
20:07:25:%N,0,0,2000
20:07:25:%N,0,0,2000
20:07:25:%N,0,0,2000
20:07:25:%N,0,0,2000
20:07:25:%N,0,0,2000
20:07:26:%N,0,0,2000
20:07:26:%N,0,0,2000
20:07:26:%N,0,0,2000
20:07:26:%N,0,0,2000
20:07:26:%N,0,0,2000
20:07:26:%N,0,0,2000
20:07:26:%N,0,0,2000
20:07:26:%N,0,0,2000
20:07:26:%N,0,0,2000
20:07:27:%N,0,0,2000
20:07:27:%N,0,0,2000
20:07:27:%N,0,0,2000
20:07:27:%N,231,0,2000
20:07:27:%N,699,0,2000
20:07:27:%N,1148,0,2000
20:07:27:%N,1598,0,2000
20:07:27:%N,2053,0,2000
20:07:27:%N,2504,0,2000
20:07:28:%N,0,-44,2000
20:07:28:%N,0,0,2000
20:07:28:%N,0,0,2000
20:07:28:%N,0,0,2000
20:07:28:%N,0,0,2000
20:07:28:%N,0,0,2000
20:07:28:%N,0,0,2000
20:07:28:%N,0,0,2000
20:07:28:%N,0,0,2000
20:07:28:%N,0,0,2000
20:07:29:%N,0,0,2000
20:07:29:%N,0,0,2000
20:07:29:%N,0,0,2000
20:07:29:%N,0,0,2000
20:07:29:%N,0,0,2000
20:07:29:%N,0,0,2000
20:07:29:%N,0,0,2000
20:07:29:%N,0,0,2000
20:07:30:%N,0,0,2000
20:07:30:%N,0,0,2000
20:07:30:%N,0,0,2000
20:07:30:%N,0,0,2000
20:07:30:%N,0,0,2000
20:07:30:%N,0,0,2000
20:07:30:%N,68,0,2000
20:07:30:%N,508,0,2000
20:07:30:%N,969,0,2000
20:07:30:%N,1428,0,2000
20:07:31:%N,1868,0,2000
20:07:31:%N,2305,0,2000
20:07:31:%N,2734,0,2000
20:07:31:%N,0,0,2000
20:07:31:%N,0,0,2000
20:07:31:%N,0,0,2000
20:07:31:%N,0,0,2000
20:07:31:%N,0,0,2000
20:07:31:%N,0,0,2000
20:07:32:%N,0,0,2000
20:07:32:%N,0,0,2000
20:07:32:%N,0,0,2000
20:07:32:%N,0,0,2000
20:07:32:%N,0,0,2000
20:07:32:%N,0,0,2000
20:07:32:%N,0,0,2000
20:07:32:%N,0,0,2000
20:07:32:%N,0,0,2000
20:07:33:%N,0,0,2000
20:07:33:%N,0,0,2000
20:07:33:%N,0,0,2000
20:07:33:%N,0,0,2000
20:07:33:%N,0,0,2000
20:07:33:%N,0,0,2000
20:07:33:%N,0,0,2000
20:07:33:%N,0,0,2000
20:07:33:%N,0,0,2000
20:07:33:%N,262,0,2000
20:07:34:%N,747,0,2000
20:07:34:%N,1231,0,2000
20:07:34:%N,1710,0,2000
20:07:34:%N,2190,0,2000
20:07:34:%N,2643,0,2000
20:07:34:%N,0,-44,2000
20:07:34:%N,0,0,2000
20:07:34:%N,0,0,2000
20:07:34:%N,0,0,2000
20:07:35:%N,0,0,2000
20:07:35:%N,0,0,2000
20:07:35:%N,0,0,2000
20:07:35:%N,0,0,2000
20:07:35:%N,0,0,2000
20:07:35:%N,0,0,2000
20:07:35:%N,0,0,2000
20:07:35:%N,0,0,2000
20:07:35:%N,0,0,2000
20:07:35:%N,0,0,2000
20:07:36:%N,0,0,2000
20:07:36:%N,0,0,2000
20:07:36:%N,0,0,2000
20:07:36:%N,0,0,2000
20:07:36:%N,0,0,2000
20:07:36:%N,0,0,2000
20:07:36:%N,0,0,2000
20:07:36:%N,0,0,2000
20:07:36:%N,0,0,2000
20:07:37:%N,0,0,2000
20:07:37:%N,196,0,2000
20:07:37:%N,679,0,2000
20:07:37:%N,1166,0,2000
20:07:37:%N,1672,0,2000
20:07:37:%N,2162,0,2000
20:07:37:%N,2629,0,2000
20:07:37:%N,0,-44,2000
20:07:38:%N,0,0,2000
20:07:38:%N,0,0,2000
20:07:38:%N,0,0,2000
20:07:38:%N,0,0,2000
20:07:38:%N,0,0,2000
20:07:38:%N,0,0,2000
20:07:38:%N,0,0,2000
20:07:38:%N,0,0,2000
20:07:38:%N,0,0,2000
20:07:38:%N,0,0,2000
20:07:39:%N,0,0,2000
20:07:39:%N,0,0,2000
20:07:39:%N,0,0,2000
20:07:39:%N,0,0,2000
20:07:39:%N,0,0,2000
20:07:39:%N,0,0,2000
20:07:39:%N,0,0,2000
20:07:39:%N,0,0,2000
20:07:39:%N,0,0,2000
20:07:39:%N,0,0,2000
20:07:40:%N,0,0,2000
20:07:40:%N,0,0,2000
20:07:40:%N,0,0,2000
20:07:40:%N,0,0,2000
20:07:40:%N,391,0,2000
20:07:40:%N,863,0,2000
20:07:40:%N,1327,0,2000
20:07:40:%N,1779,0,2000
20:07:40:%N,2286,0,2000
20:07:41:%N,2780,-44,2000
20:07:41:%N,0,0,2000
20:07:41:%N,0,0,2000
20:07:41:%N,0,0,2000
20:07:41:%N,0,0,2000
20:07:41:%N,0,0,2000
20:07:41:%N,0,0,2000
20:07:41:%N,0,0,2000
20:07:41:%N,0,0,2000
20:07:42:%N,0,0,2000
20:07:42:%N,0,0,2000
20:07:42:%N,0,0,2000
20:07:42:%N,0,0,2000
20:07:42:%N,0,0,2000
20:07:42:%N,0,0,2000
20:07:42:%N,0,0,2000
20:07:42:%N,0,0,2000
20:07:42:%N,0,0,2000
20:07:43:%N,0,0,2000
20:07:43:%N,0,0,2000
20:07:43:%N,0,0,2000
20:07:43:%N,0,0,2000
20:07:43:%N,0,0,2000
20:07:43:%N,0,0,2000
20:07:43:%N,0,0,2000
20:07:43:%N,432,0,2000
20:07:43:%N,918,0,2000
20:07:44:%N,1384,0,2000
20:07:44:%N,1841,0,2000
20:07:44:%N,2282,0,2000
20:07:44:%N,2722,0,2000
20:07:44:%N,0,0,2000
20:07:44:%N,0,0,2000
20:07:44:%N,0,0,2000
20:07:44:%N,0,0,2000
20:07:44:%N,0,0,2000
20:07:44:%N,0,0,2000
20:07:45:%N,0,0,2000
20:07:45:%N,0,0,2000
20:07:45:%N,0,0,2000
20:07:45:%N,0,0,2000
20:07:45:%N,0,0,2000
20:07:45:%N,0,0,2000
20:07:45:%N,0,0,2000
20:07:45:%N,0,0,2000
20:07:45:%N,0,0,2000
20:07:46:%N,0,0,2000
20:07:46:%N,0,0,2000
20:07:46:%N,0,0,2000
20:07:46:%N,0,0,2000
20:07:46:%N,0,0,2000
20:07:46:%N,0,0,2000
20:07:46:%N,0,0,2000
20:07:46:%N,0,0,2000
20:07:46:%N,51,0,2000
20:07:47:%N,481,0,2000
20:07:47:%N,904,0,2000
20:07:47:%N,1343,0,2000
20:07:47:%N,1803,0,2000
20:07:47:%N,2280,0,2000
20:07:47:%N,2768,0,2000
20:07:47:%N,0,0,2000
20:07:47:%N,0,0,2000
20:07:47:%N,0,0,2000
20:07:48:%N,0,0,2000
20:07:48:%N,0,0,2000
20:07:48:%N,0,0,2000
20:07:48:%N,0,0,2000
20:07:48:%N,0,0,2000
20:07:48:%N,0,0,2000
20:07:48:%N,0,0,2000
20:07:48:%N,0,0,2000
20:07:48:%N,0,0,2000
20:07:49:%N,0,0,2000
20:07:49:%N,0,0,2000
20:07:49:%N,0,0,2000
20:07:49:%N,0,0,2000
20:07:49:%N,0,0,2000
20:07:49:%N,0,0,2000
20:07:49:%N,0,0,2000
20:07:49:%N,0,0,2000
20:07:49:%N,0,0,2000
20:07:50:%N,0,0,2000
20:07:50:%N,0,0,2000
20:07:50:%N,0,0,2000
20:07:50:%N,404,0,2000
20:07:50:%N,901,0,2000
20:07:50:%N,1389,0,2000
20:07:50:%N,1877,0,2000
20:07:50:%N,2372,0,2000
20:07:50:%N,0,-44,2000
20:07:51:%N,0,0,2000
20:07:51:%N,0,0,2000
20:07:51:%N,0,0,2000
20:07:51:%N,0,0,2000
20:07:51:%N,0,0,2000
20:07:51:%N,0,0,2000
20:07:51:%N,0,0,2000
20:07:51:%N,0,0,2000
20:07:51:%N,0,0,2000
20:07:51:%N,0,0,2000
20:07:52:%N,0,0,2000
20:07:52:%N,0,0,2000
20:07:52:%N,0,0,2000
20:07:52:%N,0,0,2000
20:07:52:%N,0,0,2000
20:07:52:%N,0,0,2000
20:07:52:%N,0,0,2000
20:07:52:%N,0,0,2000
20:07:52:%N,0,0,2000
20:07:53:%N,0,0,2000
20:07:53:%N,0,0,2000
20:07:53:%N,0,0,2000
20:07:53:%N,0,0,2000
20:07:53:%N,26,0,2000
20:07:53:%N,473,0,2000
20:07:53:%N,901,0,2000
20:07:53:%N,1321,0,2000
20:07:53:%N,1740,0,2000
20:07:54:%N,2166,0,2000
20:07:54:%N,2625,0,2000
20:07:54:%N,0,-44,2000
20:07:54:%N,0,0,2000
20:07:54:%N,0,0,2000
20:07:54:%N,0,0,2000
20:07:54:%N,0,0,2000
20:07:54:%N,0,0,2000
20:07:54:%N,0,0,2000
20:07:55:%N,0,0,2000
20:07:55:%N,0,0,2000
20:07:55:%N,0,0,2000
20:07:55:%N,0,0,2000
20:07:55:%N,0,0,2000
20:07:55:%N,0,0,2000
20:07:55:%N,0,0,2000
20:07:55:%N,0,0,2000
20:07:55:%N,0,0,2000
20:07:56:%N,0,0,2000
20:07:56:%N,0,0,2000
20:07:56:%N,0,0,2000
20:07:56:%N,0,0,2000
20:07:56:%N,0,0,2000
20:07:56:%N,0,0,2000
20:07:56:%N,0,0,2000
20:07:56:%N,0,0,2000
20:07:56:%N,248,0,2000
20:07:56:%N,717,0,2000
20:07:57:%N,1180,0,2000
20:07:57:%N,1665,0,2000
20:07:57:%N,2154,0,2000
20:07:57:%N,2636,0,2000
20:07:57:%N,0,-44,2000
20:07:57:%N,0,0,2000
20:07:57:%N,0,0,2000
20:07:57:%N,0,0,2000
20:07:57:%N,0,0,2000
20:07:58:%N,0,0,2000
20:07:58:%N,0,0,2000
20:07:58:%N,0,0,2000
20:07:58:%N,0,0,2000
20:07:58:%N,0,0,2000
20:07:58:%N,0,0,2000
20:07:58:%N,0,0,2000
20:07:58:%N,0,0,2000
20:07:58:%N,0,0,2000
20:07:59:%N,0,0,2000
20:07:59:%N,0,0,2000
20:07:59:%N,0,0,2000
20:07:59:%N,0,0,2000
20:07:59:%N,0,0,2000
20:07:59:%N,0,0,2000
20:07:59:%N,0,0,2000
20:07:59:%N,0,0,2000
20:07:59:%N,0,0,2000
20:08:00:%N,0,0,2000
20:08:00:%N,447,0,2000
20:08:00:%N,928,0,2000
20:08:00:%N,1386,0,2000
20:08:00:%N,1842,0,2000
20:08:00:%N,2286,0,2000
20:08:00:%N,2724,0,2000
20:08:00:%N,0,0,2000
20:08:00:%N,0,0,2000
20:08:01:%N,0,0,2000
20:08:01:%N,0,0,2000
20:08:01:%N,0,0,2000
20:08:01:%N,0,0,2000
20:08:01:%N,0,0,2000
20:08:01:%N,0,0,2000
20:08:01:%N,0,0,2000
20:08:01:%N,0,0,2000
20:08:01:%N,0,0,2000
20:08:02:%N,0,0,2000
20:08:02:%N,0,0,2000
20:08:02:%N,0,0,2000
20:08:02:%N,0,0,2000
20:08:02:%N,0,0,2000
20:08:02:%N,0,0,2000
20:08:02:%N,0,0,2000
20:08:02:%N,0,0,2000
20:08:02:%N,0,0,2000
20:08:02:%N,0,0,2000
20:08:03:%N,0,0,2000
20:08:03:%N,0,0,2000
20:08:03:%N,0,0,2000
20:08:03:%N,367,0,2000
20:08:03:%N,798,0,2000
20:08:03:%N,1212,0,2000
20:08:03:%N,1633,0,2000
20:08:03:%N,2054,0,2000
20:08:03:%N,2508,0,2000
20:08:04:%N,0,-44,2000
20:08:04:%N,0,0,2000
20:08:04:%N,0,0,2000
20:08:04:%N,0,0,2000
20:08:04:%N,0,0,2000
20:08:04:%N,0,0,2000
20:08:04:%N,0,0,2000
20:08:04:%N,0,0,2000
20:08:04:%N,0,0,2000
20:08:05:%N,0,0,2000
20:08:05:%N,0,0,2000
20:08:05:%N,0,0,2000
20:08:05:%N,0,0,2000
20:08:05:%N,0,0,2000
20:08:05:%N,0,0,2000
20:08:05:%N,0,0,2000
20:08:05:%N,0,0,2000
20:08:05:%N,0,0,2000
20:08:06:%N,0,0,2000
20:08:06:%N,0,0,2000
20:08:06:%N,0,0,2000
20:08:06:%N,0,0,2000
20:08:06:%N,0,0,2000
20:08:06:%N,0,0,2000
20:08:06:%N,343,0,2000
20:08:06:%N,807,0,2000
20:08:06:%N,1270,0,2000
20:08:07:%N,1769,0,2000
20:08:07:%N,2257,0,2000
20:08:07:%N,0,-44,2000
20:08:07:%N,0,0,2000
20:08:07:%N,0,0,2000
20:08:07:%N,0,0,2000
20:08:07:%N,0,0,2000
20:08:07:%N,0,0,2000
20:08:07:%N,0,0,2000
20:08:08:%N,0,0,2000
20:08:08:%N,0,0,2000
20:08:08:%N,0,0,2000
20:08:08:%N,0,0,2000
20:08:08:%N,0,0,2000
20:08:08:%N,0,0,2000
20:08:08:%N,0,0,2000
20:08:08:%N,0,0,2000
20:08:08:%N,0,0,2000
20:08:09:%N,0,0,2000
20:08:09:%N,0,0,2000
20:08:09:%N,0,0,2000
20:08:09:%N,0,0,2000
20:08:09:%N,0,0,2000
20:08:09:%N,0,0,2000
20:08:09:%N,0,0,2000
20:08:09:%N,0,0,2000
20:08:09:%N,296,0,2000
20:08:09:%N,763,0,2000
20:08:10:%N,1251,0,2000
20:08:10:%N,1695,0,2000
20:08:10:%N,2148,0,2000
20:08:10:%N,2581,0,2000
20:08:10:%N,0,-44,2000
20:08:10:%N,0,0,2000
20:08:10:%N,0,0,2000
20:08:10:%N,0,0,2000
20:08:10:%N,0,0,2000
20:08:11:%N,0,0,2000
20:08:11:%N,0,0,2000
20:08:11:%N,0,0,2000
20:08:11:%N,0,0,2000
20:08:11:%N,0,0,2000
20:08:11:%N,0,0,2000
20:08:11:%N,0,0,2000
20:08:11:%N,0,0,2000
20:08:11:%N,0,0,2000
20:08:12:%N,0,0,2000
20:08:12:%N,0,0,2000
20:08:12:%N,0,0,2000
20:08:12:%N,0,0,2000
20:08:12:%N,0,0,2000
20:08:12:%N,0,0,2000
20:08:12:%N,0,0,2000
20:08:12:%N,0,0,2000
20:08:12:%N,0,0,2000
20:08:13:%N,0,0,2000
20:08:13:%N,199,0,2000
20:08:13:%N,685,0,2000
20:08:13:%N,1163,0,2000
20:08:13:%N,1619,0,2000
20:08:13:%N,2075,0,2000
20:08:13:%N,0,-44,2000
20:08:13:%N,0,0,2000
20:08:13:%N,0,0,2000
20:08:14:%N,0,0,2000
20:08:14:%N,0,0,2000
20:08:14:%N,0,0,2000
20:08:14:%N,0,0,2000
20:08:14:%N,0,0,2000
20:08:14:%N,0,0,2000
20:08:14:%N,0,0,2000
20:08:14:%N,0,0,2000
20:08:14:%N,0,0,2000
20:08:14:%N,0,0,2000
20:08:15:%N,0,0,2000
20:08:15:%N,0,0,2000
20:08:15:%N,0,0,2000
20:08:15:%N,0,0,2000
20:08:15:%N,0,0,2000
20:08:15:%N,0,0,2000
20:08:15:%N,0,0,2000
20:08:15:%N,0,0,2000
20:08:15:%N,0,0,2000
20:08:16:%N,0,0,2000
20:08:16:%N,0,0,2000
20:08:16:%N,210,0,2000
20:08:16:%N,658,0,2000
20:08:16:%N,1106,0,2000
20:08:16:%N,1536,0,2000
20:08:16:%N,1946,0,2000
20:08:16:%N,2407,0,2000
20:08:16:%N,0,-44,2000
20:08:17:%N,0,0,2000
20:08:17:%N,0,0,2000
20:08:17:%N,0,0,2000
20:08:17:%N,0,0,2000
20:08:17:%N,0,0,2000
20:08:17:%N,0,0,2000
20:08:17:%N,0,0,2000
20:08:17:%N,0,0,2000
20:08:17:%N,0,0,2000
20:08:18:%N,0,0,2000
20:08:18:%N,0,0,2000
20:08:18:%N,0,0,2000
20:08:18:%N,0,0,2000
20:08:18:%N,0,0,2000
20:08:18:%N,0,0,2000
20:08:18:%N,0,45,2000
20:08:18:%N,0,0,2000
20:08:18:%N,0,0,2000
20:08:19:%N,0,0,2000
20:08:19:%N,0,0,2000
20:08:19:%N,0,0,2000
20:08:19:%N,0,0,2000
20:08:19:%N,0,0,2000
20:08:19:%N,78,0,2000
20:08:19:%N,522,0,2000
20:08:19:%N,976,0,2000
20:08:19:%N,1428,0,2000
20:08:19:%N,1880,0,2000
20:08:20:%N,2354,0,2000
20:08:20:%N,2823,45,2000
20:08:20:%N,3261,45,2000
20:08:20:%N,3071,1530,2000
20:08:20:%N,2429,3195,2000
20:08:20:%N,2213,2970,2000
20:08:20:%N,2094,2700,2000
20:08:20:%N,2123,2205,2000
20:08:20:%N,2160,1980,2000
20:08:21:%N,2225,1845,2000
20:08:21:%N,2329,1710,2000
20:08:21:%N,2394,1710,2000
20:08:21:%N,2438,1755,2000
20:08:21:%N,2473,1800,2000
20:08:21:%N,2461,1935,2000
20:08:21:%N,2460,1980,2000
20:08:21:%N,2447,2025,2000
20:08:21:%N,2442,2025,2000
20:08:22:%N,2437,2025,2000
20:08:22:%N,2432,2025,2000
20:08:22:%N,2445,1980,2000
20:08:22:%N,2431,2025,2000
20:08:22:%N,2440,1980,2000
20:08:22:%N,2445,1980,2000
20:08:22:%N,2431,2025,2000
20:08:22:%N,2433,2025,2000
20:08:22:%N,2445,1980,2000
20:08:23:%N,2430,2025,2000
20:08:23:%N,2433,2025,2000
20:08:23:%N,2445,1980,2000
20:08:23:%N,2450,1980,2000
20:08:23:%N,2433,1980,2000
20:08:23:%N,2436,2025,2000
20:08:23:%N,2449,1980,2000
20:08:23:%N,2454,2025,2000
20:08:23:%N,2452,1980,2000
20:08:24:%N,2457,1980,2000
20:08:24:%N,2442,2025,2000
20:08:24:%N,2451,1980,2000
20:08:24:%N,2440,2025,2000
20:08:24:%N,2453,1980,2000
20:08:24:%N,2458,1980,2000
20:08:24:%N,2455,1980,2000
20:08:24:%N,2443,2025,2000
20:08:24:%N,2458,1980,2000
20:08:25:%N,2456,1980,2000
20:08:25:%N,2442,2025,2000
20:08:25:%N,2452,2025,2000
20:08:25:%N,2446,2025,2000
20:08:25:%N,2462,1980,2000
20:08:25:%N,2452,2025,2000
20:08:25:%N,2447,2025,2000
20:08:25:%N,2442,2025,2000
20:08:25:%N,2444,2025,2000
20:08:26:%N,2457,1980,2000
20:08:26:%N,2462,1980,2000
20:08:26:%N,2452,2025,2000
20:08:26:%N,2464,1980,2000
20:08:26:%N,2450,2025,2000
20:08:26:%N,2465,1980,2000
20:08:26:%N,2455,2025,2000
20:08:26:%N,2468,1980,2000
20:08:26:%N,2453,1980,2000
20:08:27:%N,2471,1980,2000
20:08:27:%N,2476,1980,2000
20:08:27:%N,2460,2025,2000
20:08:27:%N,2455,2025,2000
20:08:27:%N,2468,1980,2000
20:08:27:%N,2453,2025,2000
20:08:27:%N,2439,2070,2000
20:08:27:%N,2461,1980,2000
20:08:27:%N,2466,1980,2000
20:08:28:%N,2472,1980,2000
20:08:28:%N,2477,1980,2000
20:08:28:%N,2460,2025,2000
20:08:28:%N,2471,1980,2000
20:08:28:%N,2458,2025,2000
20:08:28:%N,2453,2025,2000
20:08:28:%N,2464,2025,2000
20:08:28:%N,2475,1980,2000
20:08:28:%N,2461,2025,2000
20:08:29:%N,2477,1980,2000
20:08:29:%N,2474,1980,2000
20:08:29:%N,2463,2025,2000
20:08:29:%N,2475,1980,2000
20:08:29:%N,2461,2025,2000
20:08:29:%N,2464,2025,2000
20:08:29:%N,2458,2025,2000
20:08:29:%N,2473,1980,2000
20:08:29:%N,2478,1980,2000
20:08:29:%N,2465,2025,2000
20:08:30:%N,2460,1980,2000
20:08:30:%N,2478,1980,2000
20:08:30:%N,2466,2025,2000
20:08:30:%N,2481,1980,2000
20:08:30:%N,2478,1980,2000
20:08:30:%N,2483,1980,2000
20:08:30:%N,2468,2025,2000
20:08:30:%N,2478,1980,2000
20:08:30:%N,2483,1980,2000
20:08:31:%N,2450,2070,2000
20:08:31:%N,2477,2070,2000
20:08:31:%N,2466,1980,2000
20:08:31:%N,2471,1980,2000
20:08:31:%N,2458,2025,2000
20:08:31:%N,2453,2025,2000
20:08:31:%N,2493,1935,2000
20:08:31:%N,2473,2025,2000
20:08:31:%N,2488,1935,2000
20:08:32:%N,2501,1980,2000
20:08:32:%N,2488,2025,2000
20:08:32:%N,2483,1980,2000
20:08:32:%N,2502,1980,2000
20:08:32:%N,2488,2025,2000
20:08:32:%N,2497,1980,2000
20:08:32:%N,2485,2025,2000
20:08:32:%N,2499,1980,2000
20:08:32:%N,2497,1980,2000
20:08:33:%N,2502,1980,2000
20:08:33:%N,2488,2025,2000
20:08:33:%N,2504,2025,2000
20:08:33:%N,2486,2025,2000
20:08:33:%N,2498,1980,2000
20:08:33:%N,2503,1980,2000
20:08:33:%N,2487,1980,2000
20:08:33:%N,2505,1980,2000
20:08:33:%N,2510,1980,2000
20:08:34:%N,2475,2070,2000
20:08:34:%N,2490,2025,2000
20:08:34:%N,2502,1980,2000
20:08:34:%N,2433,2160,2000
20:08:34:%N,2481,1980,2000
20:08:34:%N,2501,1935,2000
20:08:34:%N,2499,1980,2000
20:08:34:%N,2504,1980,2000
20:08:34:%N,2493,2025,2000
20:08:35:%N,2507,1980,2000
20:08:35:%N,2490,2025,2000
20:08:35:%N,2501,1980,2000
20:08:35:%N,2523,1935,2000
20:08:35:%N,2518,1980,2000
20:08:35:%N,2481,1980,2000
20:08:35:%N,2481,2070,2000
20:08:35:%N,2502,1980,2000
20:08:35:%N,2507,1980,2000
20:08:35:%N,2490,2025,2000
20:08:36:%N,2502,1980,2000
20:08:36:%N,2507,1980,2000
20:08:36:%N,2512,2025,2000
20:08:36:%N,2493,2025,2000
20:08:36:%N,2506,1980,2000
20:08:36:%N,2511,2025,2000
20:08:36:%N,2493,2025,2000
20:08:36:%N,2506,1980,2000
20:08:36:%N,2491,2025,2000
20:08:37:%N,2501,1980,2000
20:08:37:%N,2506,1980,2000
20:08:37:%N,2511,1980,2000
20:08:37:%N,2494,2025,2000
20:08:37:%N,2505,1980,2000
20:08:37:%N,2510,1980,2000
20:08:37:%N,2515,2025,2000
20:08:37:%N,2497,2025,2000
20:08:37:%N,2510,1980,2000
20:08:38:%N,2533,1935,2000
20:08:38:%N,2506,2025,2000
20:08:38:%N,2501,2025,2000
20:08:38:%N,2496,2025,2000
20:08:38:%N,2510,1980,2000
20:08:38:%N,2515,2025,2000
20:08:38:%N,2497,2025,2000
20:08:38:%N,2510,1980,2000
20:08:38:%N,2494,2025,2000
20:08:39:%N,2505,1980,2000
20:08:39:%N,2492,2025,2000
20:08:39:%N,2507,1980,2000
20:08:39:%N,2497,2025,2000
20:08:39:%N,2510,1980,2000
20:08:39:%N,2515,2025,2000
20:08:39:%N,2496,2025,2000
20:08:39:%N,2510,1980,2000
20:08:39:%N,2508,1980,2000
20:08:40:%N,2512,1980,2000
20:08:40:%N,2500,2025,2000
20:08:40:%N,2514,1980,2000
20:08:40:%N,2498,2025,2000
20:08:40:%N,2501,2025,2000
20:08:40:%N,2497,2025,2000
20:08:40:%N,2510,1980,2000
20:08:40:%N,2515,2025,2000
20:08:40:%N,2512,1980,2000
20:08:40:%N,2500,2025,2000
20:08:41:%N,2495,2025,2000
20:08:41:%N,2512,1980,2000
20:08:41:%N,2500,2025,2000
20:08:41:%N,2514,1980,2000
20:08:41:%N,2512,1980,2000
20:08:41:%N,2499,2025,2000
20:08:41:%N,2494,1980,2000
20:08:41:%N,2513,1980,2000
20:08:41:%N,2517,1980,2000
20:08:42:%N,2502,2025,2000
20:08:42:%N,2512,1980,2000
20:08:42:%N,2517,1980,2000
20:08:42:%N,2503,2025,2000
20:08:42:%N,2498,2025,2000
20:08:42:%N,2516,1980,2000
20:08:42:%N,2504,2025,2000
20:08:42:%N,2499,2025,2000
20:08:42:%N,2515,1980,2000
20:08:43:%N,2505,2025,2000
20:08:43:%N,2500,2025,2000
20:08:43:%N,2514,1980,2000
20:08:43:%N,2512,1980,2000
20:08:43:%N,2517,1980,2000
20:08:43:%N,2502,1980,2000
20:08:43:%N,2504,2025,2000
20:08:43:%N,2499,2025,2000
20:08:43:%N,2515,1980,2000
20:08:44:%N,2504,2025,2000
20:08:44:%N,2499,2025,2000
20:08:44:%N,2515,1980,2000
20:08:44:%N,2488,2070,2000
20:08:44:%N,2510,1980,2000
20:08:44:%N,2516,1980,2000
20:08:44:%N,2520,1980,2000
20:08:44:%N,2507,2025,2000
20:08:44:%N,2522,1980,2000
20:08:45:%N,2519,1980,2000
20:08:45:%N,2508,2025,2000
20:08:45:%N,2503,2025,2000
20:08:45:%N,2518,1980,2000
20:08:45:%N,2509,2025,2000
20:08:45:%N,2520,1980,2000
20:08:45:%N,2507,2025,2000
20:08:45:%N,2509,2025,2000
20:08:45:%N,2504,2025,2000
20:08:46:%N,2518,1980,2000
20:08:46:%N,2523,1980,2000
20:08:46:%N,2512,2025,2000
20:08:46:%N,2507,2025,2000
20:08:46:%N,2523,1980,2000
20:08:46:%N,2511,2025,2000
20:08:46:%N,2506,2025,2000
20:08:46:%N,2537,1935,2000
20:08:46:%N,2536,1980,2000
20:08:47:%N,2504,2070,2000
20:08:47:%N,2451,2160,2000
20:08:47:%N,2445,2070,2000
20:08:47:%N,2463,1980,2000
20:08:47:%N,2485,1935,2000
20:08:47:%N,2500,1935,2000
20:08:47:%N,2521,1890,2000
20:08:47:%N,2515,1980,2000
20:08:47:%N,2519,1980,2000
20:08:47:%N,2524,1980,2000
20:08:48:%N,2529,1980,2000
20:08:48:%N,2517,2025,2000
20:08:48:%N,2531,1980,2000
20:08:48:%N,2529,1980,2000
20:08:48:%N,2516,2025,2000
20:08:48:%N,2511,1980,2000
20:08:48:%N,2529,1980,2000
20:08:48:%N,2516,2025,2000
20:08:48:%N,2511,2025,2000
20:08:49:%N,2529,1980,2000
20:08:49:%N,2517,2025,2000
20:08:49:%N,2512,2025,2000
20:08:49:%N,2514,2025,2000
20:08:49:%N,2526,1980,2000
20:08:49:%N,2531,1980,2000
20:08:49:%N,2515,1980,2000
20:08:49:%N,2533,1980,2000
20:08:49:%N,2521,2025,2000
20:08:50:%N,2516,2025,2000
20:08:50:%N,2531,1980,2000
20:08:50:%N,2515,1980,2000
20:08:50:%N,2533,1980,2000
20:08:50:%N,2520,2025,2000
20:08:50:%N,2529,1980,2000
20:08:50:%N,2517,2025,2000
20:08:50:%N,2531,1980,2000
20:08:50:%N,2522,2025,2000
20:08:51:%N,2517,2025,2000
20:08:51:%N,2531,1980,2000
20:08:51:%N,2522,2025,2000
20:08:51:%N,2517,2025,2000
20:08:51:%N,2532,1980,2000
20:08:51:%N,2522,2025,2000
20:08:51:%N,2534,1980,2000
20:08:51:%N,2520,2025,2000
20:08:51:%N,2535,1980,2000
20:08:51:%N,2540,1980,2000
20:08:52:%N,2529,2025,2000
20:08:52:%N,2524,2025,2000
20:08:52:%N,2539,2025,2000
20:08:52:%N,2537,1980,2000
20:08:52:%N,2541,1980,2000
20:08:52:%N,2528,2025,2000
20:08:52:%N,2543,1980,2000
20:08:52:%N,2533,2025,2000
20:08:52:%N,2528,2025,2000
20:08:53:%N,2529,2025,2000
20:08:53:%N,2542,1980,2000
20:08:53:%N,2540,1980,2000
20:08:53:%N,2545,1980,2000
20:08:53:%N,2530,2025,2000
20:08:53:%N,2548,1980,2000
20:08:53:%N,2536,2025,2000
20:08:53:%N,2530,2025,2000
20:08:54:%N,2533,2025,2000
20:08:54:%N,2546,1980,2000
20:08:54:%N,2551,2070,2000
20:08:54:%N,2541,1980,2000
20:08:54:%N,2546,1980,2000
20:08:54:%N,2530,2025,2000
20:08:54:%N,2540,1980,2000
20:08:54:%N,2545,1980,2000
20:08:54:%N,2550,1980,2000
20:08:55:%N,2533,2025,2000
20:08:55:%N,2545,1980,2000
20:08:55:%N,2551,2025,2000
20:08:55:%N,2532,2025,2000
20:08:55:%N,2547,1980,2000
20:08:55:%N,2536,2025,2000
20:08:55:%N,2531,2025,2000
20:08:55:%N,2547,1980,2000
20:08:55:%N,2569,1935,2000
20:08:56:%N,2546,2025,2000
20:08:56:%N,2524,2070,2000
20:08:56:%N,2546,1980,2000
20:08:56:%N,2537,2025,2000
20:08:56:%N,2532,2025,2000
20:08:56:%N,2546,1980,2000
20:08:56:%N,2551,1980,2000
20:08:56:%N,2556,1980,2000
20:08:56:%N,2542,2025,2000
20:08:57:%N,2537,2025,2000
20:08:57:%N,2532,2025,2000
20:08:57:%N,2507,2070,2000
20:08:57:%N,2536,1980,2000
20:08:57:%N,2542,1980,2000
20:08:57:%N,2547,2025,2000
20:08:57:%N,2545,1980,2000
20:08:57:%N,2550,1980,2000
20:08:58:%N,2518,2070,2000
20:08:58:%N,2538,1980,2000
20:08:58:%N,2550,1935,2000
20:08:58:%N,2531,2025,2000
20:08:58:%N,2547,1980,2000
20:08:58:%N,2537,2025,2000
20:08:58:%N,2550,1980,2000
20:08:58:%N,2555,1980,2000
20:08:58:%N,2544,2025,2000
20:08:59:%N,2557,1980,2000
20:08:59:%N,2541,2025,2000
20:08:59:%N,2536,2025,2000
20:08:59:%N,2549,1980,2000
20:08:59:%N,2554,1980,2000
20:08:59:%N,2536,2025,2000
20:08:59:%N,2549,1980,2000
20:08:59:%N,2554,1980,2000
20:08:59:%N,2559,1980,2000
20:09:00:%N,2546,2025,2000
20:09:00:%N,2555,1980,2000
20:09:00:%N,2561,1980,2000
20:09:00:%N,2545,2025,2000
20:09:00:%N,2556,1980,2000
20:09:00:%N,2562,1980,2000
20:09:00:%N,2544,2025,2000
20:09:00:%N,2557,1980,2000
20:09:01:%N,2562,2025,2000
20:09:01:%N,2544,2025,2000
20:09:01:%N,2557,1980,2000
20:09:01:%N,2562,2025,2000
20:09:01:%N,2544,2025,2000
20:09:01:%N,2557,1980,2000
20:09:01:%N,2541,2025,2000
20:09:01:%N,2552,1980,2000
20:09:01:%N,2557,1980,2000
20:09:02:%N,2541,1980,2000
20:09:02:%N,2560,1980,2000
20:09:02:%N,2547,2025,2000
20:09:02:%N,2561,1980,2000
20:09:02:%N,2559,1980,2000
20:09:02:%N,2546,2025,2000
20:09:02:%N,2548,2025,2000
20:09:02:%N,2560,1980,2000
20:09:02:%N,2559,1980,2000
20:09:03:%N,2547,2025,2000
20:09:03:%N,2561,1980,2000
20:09:03:%N,2552,2025,2000
20:09:03:%N,2547,2025,2000
20:09:03:%N,2562,2025,2000
20:09:03:%N,2560,1980,2000
20:09:03:%N,2566,1980,2000
20:09:03:%N,2548,2025,2000
20:09:04:%N,2560,1980,2000
20:09:04:%N,2565,1980,2000
20:09:04:%N,2548,2025,2000
20:09:04:%N,2560,1980,2000
20:09:04:%N,2546,2025,2000
20:09:04:%N,2555,1980,2000
20:09:04:%N,2543,2025,2000
20:09:04:%N,2558,1980,2000
20:09:04:%N,2548,2025,2000
20:09:05:%N,2560,1980,2000
20:09:05:%N,2566,2025,2000
20:09:05:%N,2563,1980,2000
20:09:05:%N,2550,2025,2000
20:09:05:%N,2559,1980,2000
20:09:05:%N,2564,1980,2000
20:09:05:%N,2562,1980,2000
20:09:05:%N,2550,2025,2000
20:09:06:%N,2559,1980,2000
20:09:06:%N,2547,2025,2000
20:09:06:%N,2542,2025,2000
20:09:06:%N,2559,1980,2000
20:09:06:%N,2564,1980,2000
20:09:06:%N,2550,2025,2000
20:09:06:%N,2559,1980,2000
20:09:06:%N,2564,1980,2000
20:09:06:%N,2549,2025,2000
20:09:07:%N,2559,1980,2000
20:09:07:%N,2564,1980,2000
20:09:07:%N,2550,2025,2000
20:09:07:%N,2545,1980,2000
20:09:07:%N,2563,1980,2000
20:09:07:%N,2569,1980,2000
20:09:07:%N,2551,2025,2000
20:09:07:%N,2565,1980,2000
20:09:07:%N,2548,2025,2000
20:09:08:%N,2560,1980,2000
20:09:08:%N,2545,1980,2000
20:09:08:%N,2563,1980,2000
20:09:08:%N,2550,2025,2000
20:09:08:%N,2566,1980,2000
20:09:08:%N,2554,2025,2000
20:09:08:%N,2549,2025,2000
20:09:08:%N,2552,2025,2000
20:09:08:%N,2546,2025,2000
20:09:09:%N,2561,1980,2000
20:09:09:%N,2544,2025,2000
20:09:09:%N,2556,1980,2000
20:09:09:%N,2560,1980,2000
20:09:09:%N,2565,1980,2000
20:09:09:%N,2563,1980,2000
20:09:09:%N,2568,1980,2000
20:09:09:%N,2553,2025,2000
20:09:09:%N,2555,2025,2000
20:09:10:%N,2550,2025,2000
20:09:10:%N,2566,1980,2000
20:09:10:%N,2555,2025,2000
20:09:10:%N,2549,2025,2000
20:09:10:%N,2551,2025,2000
20:09:10:%N,2545,2025,2000
20:09:10:%N,2547,2025,2000
20:09:10:%N,2561,1980,2000
20:09:11:%N,2566,2025,2000
20:09:11:%N,2563,1980,2000
20:09:11:%N,2568,1980,2000
20:09:11:%N,2553,2025,2000
20:09:11:%N,2563,1980,2000
20:09:11:%N,2550,2025,2000
20:09:11:%N,2566,2025,2000
20:09:11:%N,2563,1980,2000
20:09:11:%N,2550,2025,2000
20:09:12:%N,2558,1980,2000
20:09:12:%N,2563,1980,2000
20:09:12:%N,2550,2025,2000
20:09:12:%N,2566,1980,2000
20:09:12:%N,2572,1980,2000
20:09:12:%N,2556,1980,2000
20:09:12:%N,2558,2025,2000
20:09:12:%N,2552,1980,2000
20:09:12:%N,2555,2025,2000
20:09:13:%N,2550,2025,2000
20:09:13:%N,2566,1980,2000
20:09:13:%N,2571,1980,2000
20:09:13:%N,2557,2025,2000
20:09:13:%N,2559,2025,2000
20:09:13:%N,2571,1980,2000
20:09:13:%N,2557,2025,2000
20:09:13:%N,2566,1980,2000
20:09:13:%N,2571,1980,2000
20:09:14:%N,2576,1980,2000
20:09:14:%N,2540,2070,2000
20:09:14:%N,2570,1980,2000
20:09:14:%N,2576,1980,2000
20:09:14:%N,2560,2025,2000
20:09:14:%N,2571,1980,2000
20:09:14:%N,2576,1980,2000
20:09:14:%N,2559,2025,2000
20:09:15:%N,2554,2025,2000
20:09:15:%N,2549,2025,2000
20:09:15:%N,2551,2025,2000
20:09:15:%N,2546,2025,2000
20:09:15:%N,2577,1935,2000
20:09:15:%N,2558,2025,2000
20:09:15:%N,2573,1980,2000
20:09:15:%N,2562,2025,2000
20:09:15:%N,2576,1980,2000
20:09:16:%N,2559,2025,2000
20:09:16:%N,2554,2025,2000
20:09:16:%N,2568,1980,2000
20:09:16:%N,2560,2025,2000
20:09:16:%N,2571,1980,2000
20:09:16:%N,2557,2025,2000
20:09:16:%N,2573,1980,2000
20:09:16:%N,2546,2070,2000
20:09:16:%N,2568,1980,2000
20:09:17:%N,2573,1980,2000
20:09:17:%N,2555,2025,2000
20:09:17:%N,2568,1980,2000
20:09:17:%N,2566,1980,2000
20:09:17:%N,2553,2025,2000
20:09:17:%N,2570,1980,2000
20:09:17:%N,2575,1980,2000
20:09:17:%N,2560,2025,2000
20:09:18:%N,2555,2025,2000
20:09:18:%N,2568,1980,2000
20:09:18:%N,2573,2025,2000
20:09:18:%N,2571,1980,2000
20:09:18:%N,2557,2025,2000
20:09:18:%N,2566,1980,2000
20:09:18:%N,2571,1980,2000
20:09:18:%N,2557,2025,2000
20:09:19:%N,2558,2025,2000
20:09:19:%N,2572,1980,2000
20:09:19:%N,2576,1980,2000
20:09:19:%N,2560,1980,2000
20:09:19:%N,2562,2025,2000
20:09:19:%N,2557,2025,2000
20:09:19:%N,2573,1980,2000
20:09:19:%N,2547,2070,2000
20:09:19:%N,2568,1980,2000
20:09:20:%N,2573,1980,2000
20:09:20:%N,2562,2025,2000
20:09:20:%N,2556,1980,2000
20:09:20:%N,2575,1980,2000
20:09:20:%N,Invalid RPMsg file Exiting...,Invalid RPMsg file Exiting...,Invalid RPMsg file Exiting...
20:09:21:%N,0,0,2000
20:09:21:%N,0,0,2000
20:09:21:%N,0,0,2000
20:09:21:%N,0,0,2000
20:09:21:%N,0,0,2000
20:09:21:%N,0,0,2000
20:09:21:%N,0,0,2000
20:09:21:%N,0,0,2000
20:09:21:%N,0,0,2000
20:09:22:%N,0,0,2000
20:09:22:%N,0,0,2000
20:09:22:%N,0,0,2000
20:09:22:%N,0,0,2000
20:09:22:%N,0,0,2000
20:09:22:%N,0,0,2000
20:09:22:%N,0,0,2000
20:09:22:%N,0,0,2000
20:09:22:%N,0,0,2000
20:09:23:%N,0,0,2000
20:09:23:%N,0,0,2000
20:09:23:%N,0,0,2000
20:09:23:%N,0,0,2000
20:09:23:%N,0,0,2000
20:09:23:%N,0,0,2000
20:09:23:%N,0,0,2000
20:09:23:%N,0,0,2000
20:09:23:%N,0,0,2000
20:09:24:%N,0,0,2000
20:09:24:%N,0,0,2000
20:09:24:%N,0,0,2000
20:09:24:%N,0,0,2000
20:09:24:%N,0,0,2000
20:09:24:%N,0,0,2000
20:09:24:%N,0,0,2000
20:09:24:%N,0,0,2000
20:09:24:%N,0,0,2000
20:09:25:%N,0,0,2000
20:09:25:%N,0,0,2000
20:09:25:%N,0,0,2000
20:09:25:%N,0,0,2000
20:09:25:%N,0,0,2000
20:09:25:%N,0,0,2000
20:09:25:%N,0,0,2000
20:09:25:%N,0,0,2000
20:09:26:%N,0,0,2000
20:09:26:%N,0,0,2000
20:09:26:%N,0,0,2000
20:09:26:%N,0,0,2000
20:09:26:%N,0,0,2000
20:09:26:%N,0,0,2000
20:09:26:%N,0,0,2000
20:09:26:%N,0,0,2000
20:09:26:%N,0,0,2000
20:09:27:%N,0,0,2000
20:09:27:%N,0,0,2000
20:09:27:%N,0,0,2000
20:09:27:%N,0,0,2000
20:09:27:%N,0,0,2000
20:09:27:%N,0,0,2000
20:09:27:%N,0,0,2000
20:09:27:%N,0,0,2000
20:09:28:%N,0,0,2000
20:09:28:%N,0,0,2000
20:09:28:%N,0,0,2000
20:09:28:%N,0,0,2000
20:09:28:%N,0,0,2000
20:09:28:%N,0,0,2000
20:09:28:%N,0,0,2000
20:09:28:%N,0,0,2000
20:09:28:%N,0,0,2000
20:09:29:%N,0,0,2000
20:09:29:%N,0,0,2000
20:09:29:%N,0,0,2000
20:09:29:%N,0,0,2000
20:09:29:%N,0,0,2000
20:09:29:%N,0,0,2000
20:09:29:%N,0,0,2000
20:09:29:%N,0,0,2000
20:09:29:%N,0,0,2000
20:09:30:%N,0,0,2000
20:09:30:%N,0,0,2000
20:09:30:%N,0,0,2000
20:09:30:%N,0,0,2000
20:09:30:%N,0,0,2000
20:09:30:%N,0,45,2000
20:09:30:%N,0,45,2000
20:09:30:%N,0,0,2000
20:09:31:%N,0,45,2000
20:09:31:%N,0,45,2000
20:09:31:%N,0,0,2000
20:09:31:%N,0,0,2000
20:09:31:%N,0,0,2000
20:09:31:%N,0,0,2000
20:09:31:%N,0,45,2000
20:09:31:%N,0,45,2000
20:09:31:%N,0,45,2000
20:09:32:%N,0,0,2000
20:09:32:%N,0,0,2000
20:09:32:%N,0,-44,2000
20:09:32:%N,0,-89,2000
20:09:32:%N,0,-44,2000
20:09:32:%N,0,-89,2000
20:09:32:%N,0,-89,2000
20:09:32:%N,0,-89,2000
20:09:32:%N,0,-89,2000
20:09:33:%N,0,-89,2000
20:09:33:%N,0,-89,2000
20:09:33:%N,0,-44,2000
20:09:33:%N,0,0,2000
20:09:33:%N,0,0,2000
20:09:33:%N,0,0,2000
20:09:33:%N,0,0,2000
20:09:33:%N,0,0,2000
20:09:33:%N,0,45,2000
20:09:34:%N,0,0,2000
20:09:34:%N,0,0,2000
20:09:34:%N,0,0,2000
20:09:34:%N,0,0,2000
20:09:34:%N,0,0,2000
20:09:34:%N,0,-44,2000
20:09:34:%N,0,-44,2000
20:09:34:%N,0,-44,2000
20:09:34:%N,0,-44,2000
20:09:35:%N,0,-44,2000
20:09:35:%N,0,-44,2000
20:09:35:%N,0,-44,2000
20:09:35:%N,0,-89,2000
20:09:35:%N,0,-44,2000
20:09:35:%N,0,-44,2000
20:09:35:%N,0,-44,2000
20:09:35:%N,0,-44,2000
20:09:36:%N,0,-44,2000
20:09:36:%N,0,-44,2000
20:09:36:%N,0,-44,2000
20:09:36:%N,0,-44,2000
20:09:36:%N,0,-44,2000
20:09:36:%N,0,0,2000
20:09:36:%N,0,0,2000
20:09:36:%N,0,0,2000
20:09:36:%N,0,90,2000
20:09:37:%N,0,0,2000
20:09:37:%N,0,0,2000
20:09:37:%N,0,0,2000
20:09:37:%N,0,0,2000
20:09:37:%N,0,0,2000
20:09:37:%N,0,0,2000
20:09:37:%N,0,0,2000
20:09:37:%N,0,0,2000
20:09:38:%N,0,0,2000
20:09:38:%N,0,0,2000
20:09:38:%N,0,0,2000
20:09:38:%N,0,-89,2000
20:09:38:%N,0,-89,2000
20:09:38:%N,0,-134,2000
20:09:38:%N,0,-44,2000
20:09:38:%N,0,-44,2000
20:09:38:%N,0,-44,2000
20:09:39:%N,0,-44,2000
20:09:39:%N,0,-44,2000
20:09:39:%N,0,-44,2000
20:09:39:%N,0,-44,2000
20:09:39:%N,0,-44,2000
20:09:39:%N,0,-44,2000
20:09:39:%N,0,-44,2000
20:09:39:%N,0,-44,2000
20:09:39:%N,0,-44,2000
20:09:40:%N,0,-44,2000
20:09:40:%N,0,-44,2000
20:09:40:%N,0,-44,2000
20:09:40:%N,0,-44,2000
20:09:40:%N,0,-44,2000
20:09:40:%N,0,-44,2000
20:09:40:%N,0,-44,2000
20:09:40:%N,0,-44,2000
20:09:41:%N,0,-44,2000
20:09:41:%N,0,-89,2000
20:09:41:%N,0,-44,2000
20:09:41:%N,0,-44,2000
20:09:41:%N,0,-44,2000
20:09:41:%N,0,-44,2000
20:09:41:%N,0,-44,2000
20:09:41:%N,0,-44,2000
20:09:41:%N,0,-44,2000
20:09:41:%N,0,-44,2000
20:09:42:%N,0,-44,2000
20:09:42:%N,0,-44,2000
20:09:42:%N,0,-44,2000
20:09:42:%N,0,0,2000
20:09:42:%N,0,0,2000
20:09:42:%N,0,0,2000
20:09:42:%N,0,0,2000
20:09:42:%N,0,0,2000
20:09:43:%N,0,0,2000
20:09:43:%N,0,0,2000
20:09:43:%N,0,45,2000
20:09:43:%N,0,45,2000
20:09:43:%N,0,45,2000
20:09:43:%N,0,90,2000
20:09:43:%N,0,0,2000
20:09:43:%N,0,0,2000
20:09:43:%N,0,0,2000
20:09:44:%N,0,0,2000
20:09:44:%N,0,0,2000
20:09:44:%N,0,0,2000
20:09:44:%N,0,0,2000
20:09:44:%N,0,0,2000
20:09:44:%N,0,0,2000
20:09:44:%N,0,0,2000
20:09:44:%N,0,0,2000
20:09:44:%N,0,0,2000
20:09:45:%N,0,0,2000
20:09:45:%N,0,0,2000
20:09:45:%N,0,0,2000
20:09:45:%N,0,0,2000
20:09:45:%N,0,0,2000
20:09:45:%N,0,0,2000
20:09:45:%N,0,0,2000
20:09:45:%N,0,0,2000
20:09:46:%N,0,0,2000
20:09:46:%N,0,0,2000
20:09:46:%N,0,0,2000
20:09:46:%N,0,0,2000
20:09:46:%N,0,0,2000
20:09:46:%N,0,0,2000
20:09:46:%N,0,0,2000
20:09:46:%N,0,0,2000
20:09:46:%N,0,0,2000
20:09:47:%N,0,0,2000
20:09:47:%N,0,0,2000
20:09:47:%N,0,0,2000
20:09:47:%N,0,0,2000
20:09:47:%N,0,0,2000
20:09:47:%N,0,0,2000
20:09:47:%N,0,0,2000
20:09:47:%N,0,0,2000
20:09:47:%N,0,0,2000
20:09:48:%N,0,0,2000
20:09:48:%N,0,0,2000
20:09:48:%N,0,0,2000
20:09:48:%N,0,0,2000
20:09:48:%N,0,0,2000
20:09:48:%N,0,0,2000
20:09:48:%N,0,0,2000
20:09:48:%N,0,0,2000
20:09:48:%N,0,0,2000
20:09:49:%N,0,0,2000
20:09:49:%N,0,0,2000
20:09:49:%N,0,0,2000
20:09:49:%N,0,0,2000
20:09:49:%N,0,0,2000
20:09:49:%N,0,0,2000
20:09:49:%N,0,0,2000
20:09:49:%N,0,0,2000
20:09:50:%N,0,0,2000
20:09:50:%N,0,0,2000
20:09:50:%N,0,0,2000
20:09:50:%N,0,0,2000
20:09:50:%N,0,0,2000
20:09:50:%N,0,0,2000
20:09:50:%N,0,0,2000
20:09:50:%N,0,0,2000
20:09:50:%N,0,0,2000
20:09:51:%N,0,0,2000
20:09:51:%N,0,0,2000
20:09:51:%N,0,0,2000
20:09:51:%N,0,0,2000
20:09:51:%N,0,0,2000
20:09:51:%N,0,0,2000
20:09:51:%N,0,0,2000
20:09:51:%N,0,0,2000
20:09:51:%N,0,0,2000
20:09:52:%N,0,0,2000
20:09:52:%N,0,0,2000
20:09:52:%N,0,0,2000
20:09:52:%N,0,0,2000
20:09:52:%N,0,0,2000
20:09:52:%N,0,0,2000
20:09:52:%N,0,0,2000
20:09:52:%N,0,0,2000
20:09:53:%N,0,0,2000
20:09:53:%N,0,0,2000
20:09:53:%N,0,0,2000
20:09:53:%N,0,0,2000
20:09:53:%N,0,0,2000
20:09:53:%N,0,0,2000
20:09:53:%N,0,0,2000
20:09:53:%N,0,0,2000
20:09:53:%N,0,0,2000
20:09:54:%N,0,0,2000
20:09:54:%N,0,0,2000
20:09:54:%N,0,0,2000
20:09:54:%N,0,0,2000
20:09:54:%N,0,0,2000
20:09:54:%N,0,0,2000
20:09:54:%N,0,0,2000
20:09:54:%N,Invalid RPMsg file Exiting...,Invalid RPMsg file Exiting...,Invalid RPMsg file Exiting...
20:09:55:%N,4096,990,2000
20:09:55:%N,4096,4680,2000
20:09:55:%N,3148,5670,2000
20:09:55:%N,0,5175,2000
20:09:55:%N,0,4275,2000
20:09:55:%N,0,2655,2000
20:09:55:%N,0,1980,2000
20:09:56:%N,0,1260,2000
20:09:56:%N,0,-44,2000
20:09:56:%N,0,0,2000
20:09:56:%N,0,0,2000
20:09:56:%N,0,0,2000
20:09:56:%N,0,0,2000
20:09:56:%N,0,0,2000
20:09:56:%N,0,0,2000
20:09:56:%N,0,0,2000
20:09:57:%N,0,0,2000
20:09:57:%N,0,0,2000
20:09:57:%N,0,0,2000
20:09:57:%N,0,0,2000
20:09:57:%N,0,0,2000
20:09:57:%N,0,0,2000
20:09:57:%N,0,0,2000
20:09:57:%N,0,0,2000
20:09:58:%N,0,0,2000
20:09:58:%N,0,0,2000
20:09:58:%N,0,0,2000
20:09:58:%N,0,0,2000
20:09:58:%N,0,0,2000
20:09:58:%N,0,0,2000
20:09:58:%N,0,0,2000
20:09:58:%N,0,0,2000
20:09:58:%N,0,0,2000
20:09:59:%N,0,0,2000
20:09:59:%N,0,0,2000
20:09:59:%N,0,0,2000
20:09:59:%N,0,0,2000
20:09:59:%N,0,0,2000
20:09:59:%N,0,0,2000
20:09:59:%N,0,0,2000
20:09:59:%N,0,0,2000
20:09:59:%N,0,0,2000
20:10:00:%N,0,0,2000
20:10:00:%N,0,0,2000
20:10:00:%N,0,0,2000
20:10:00:%N,0,0,2000
20:10:00:%N,0,0,2000
20:10:00:%N,0,0,2000
20:10:00:%N,0,0,2000
20:10:00:%N,0,0,2000
20:10:01:%N,0,0,2000
20:10:01:%N,0,0,2000
20:10:01:%N,0,0,2000
20:10:01:%N,0,0,2000
20:10:01:%N,0,0,2000
20:10:01:%N,0,0,2000
20:10:01:%N,0,0,2000
20:10:01:%N,0,0,2000
20:10:01:%N,0,0,2000
20:10:02:%N,0,0,2000
20:10:02:%N,0,0,2000
20:10:02:%N,0,0,2000
20:10:02:%N,0,0,2000
20:10:02:%N,0,0,2000
20:10:02:%N,0,0,2000
20:10:02:%N,0,0,2000
20:10:02:%N,0,0,2000
20:10:02:%N,0,0,2000
20:10:03:%N,0,0,2000
20:10:03:%N,0,0,2000
20:10:03:%N,0,0,2000
20:10:03:%N,0,0,2000
20:10:03:%N,0,0,2000
20:10:03:%N,0,0,2000
20:10:03:%N,0,0,2000
20:10:03:%N,0,0,2000
20:10:03:%N,0,0,2000
20:10:04:%N,0,0,2000
20:10:04:%N,0,0,2000
20:10:04:%N,0,0,2000
20:10:04:%N,0,0,2000
20:10:04:%N,0,0,2000
20:10:04:%N,0,0,2000
20:10:04:%N,0,0,2000
20:10:04:%N,0,0,2000
20:10:05:%N,0,0,2000
20:10:05:%N,0,0,2000
20:10:05:%N,0,0,2000
20:10:05:%N,0,0,2000
20:10:05:%N,0,0,2000
20:10:05:%N,0,0,2000
20:10:05:%N,0,0,2000
20:10:05:%N,0,0,2000
20:10:05:%N,0,0,2000
20:10:06:%N,0,0,2000
20:10:06:%N,0,0,2000
20:10:06:%N,0,0,2000
20:10:06:%N,0,0,2000
20:10:06:%N,0,0,2000
20:10:06:%N,0,0,2000
20:10:06:%N,0,0,2000
20:10:06:%N,0,0,2000
20:10:06:%N,0,0,2000
20:10:07:%N,0,0,2000
20:10:07:%N,0,0,2000
20:10:07:%N,0,0,2000
20:10:07:%N,0,0,2000
20:10:07:%N,0,0,2000
20:10:07:%N,0,0,2000
20:10:07:%N,0,0,2000
20:10:07:%N,0,0,2000
20:10:08:%N,0,0,2000
20:10:08:%N,0,0,2000
20:10:08:%N,0,0,2000
20:10:08:%N,0,0,2000
20:10:08:%N,0,0,2000
20:10:08:%N,0,0,2000
20:10:08:%N,0,0,2000
20:10:08:%N,0,0,2000
20:10:08:%N,0,0,2000
20:10:08:%N,0,0,2000
20:10:09:%N,0,0,2000
20:10:09:%N,0,0,2000
20:10:09:%N,0,0,2000
20:10:09:%N,0,0,2000
20:10:09:%N,0,0,2000
20:10:09:%N,0,0,2000
20:10:09:%N,0,0,2000
20:10:09:%N,0,0,2000
20:10:10:%N,0,0,2000
20:10:10:%N,0,0,2000
