14:41:38:%N,4096,-44,2000
14:41:38:%N,4096,-44,2000
14:41:38:%N,0,-44,2000
14:41:38:%N,4096,-44,2000
14:41:38:%N,4096,-44,2000
14:41:38:%N,0,-44,2000
14:41:38:%N,4096,-44,2000
14:41:39:%N,0,-44,2000
14:41:39:%N,4096,-44,2000
14:41:39:%N,758,-44,2000
14:41:39:%N,0,-44,2000
14:41:39:%N,4096,-44,2000
14:41:39:%N,4096,-44,2000
14:41:39:%N,4096,-44,2000
14:41:39:%N,4096,-44,2000
14:41:39:%N,0,-44,2000
14:41:40:%N,4096,-44,2000
14:41:40:%N,4096,-44,2000
14:41:40:%N,4096,-44,2000
14:41:40:%N,0,-44,2000
14:41:40:%N,0,-44,2000
14:41:40:%N,4096,-44,2000
14:41:40:%N,4096,-44,2000
14:41:40:%N,0,-44,2000
14:41:40:%N,4096,-44,2000
14:41:41:%N,4096,-44,2000
14:41:41:%N,0,-44,2000
14:41:41:%N,4096,-44,2000
14:41:41:%N,4096,-44,2000
14:41:41:%N,0,-44,2000
14:41:41:%N,4096,-44,2000
14:41:41:%N,4096,-44,2000
14:41:41:%N,4096,-44,2000
14:41:41:%N,0,-44,2000
14:41:42:%N,0,-44,2000
14:41:42:%N,0,-44,2000
14:41:42:%N,4096,-44,2000
14:41:42:%N,4096,-44,2000
14:41:42:%N,0,-44,2000
14:41:42:%N,0,-44,2000
14:41:42:%N,4096,-44,2000
14:41:42:%N,0,-44,2000
14:41:42:%N,0,-44,2000
14:41:42:%N,4096,-44,2000
14:41:43:%N,0,-44,2000
14:41:43:%N,4096,-44,2000
14:41:43:%N,4096,-44,2000
14:41:43:%N,0,-44,2000
14:41:43:%N,4096,-44,2000
14:41:43:%N,4096,-44,2000
14:41:43:%N,0,-44,2000
14:41:43:%N,0,-44,2000
14:41:43:%N,4096,-44,2000
14:41:44:%N,4096,-44,2000
14:41:44:%N,2180,-44,2000
14:41:44:%N,0,-44,2000
14:41:44:%N,0,-44,2000
14:41:44:%N,4096,-44,2000
14:41:44:%N,4096,-44,2000
14:41:44:%N,0,-44,2000
14:41:44:%N,0,-44,2000
14:41:44:%N,4096,-44,2000
14:41:45:%N,4096,-44,2000
14:41:45:%N,0,-44,2000
14:41:45:%N,4096,-44,2000
14:41:45:%N,2753,-44,2000
14:41:45:%N,0,-44,2000
14:41:45:%N,4096,-44,2000
14:41:45:%N,0,-44,2000
14:41:45:%N,4096,-44,2000
14:41:45:%N,4096,-44,2000
14:41:46:%N,0,-44,2000
14:41:46:%N,0,-44,2000
14:41:46:%N,0,-44,2000
14:41:46:%N,4096,-44,2000
14:41:46:%N,4096,-44,2000
14:41:46:%N,0,-44,2000
14:41:46:%N,0,-44,2000
14:41:46:%N,4096,-44,2000
14:41:46:%N,0,-44,2000
14:41:47:%N,0,-44,2000
14:41:47:%N,4096,-44,2000
14:41:47:%N,0,-44,2000
14:41:47:%N,4096,-44,2000
14:41:47:%N,4096,-44,2000
14:41:47:%N,0,-44,2000
14:41:47:%N,4096,-44,2000
14:41:47:%N,0,-44,2000
14:41:47:%N,0,-44,2000
14:41:48:%N,4096,-44,2000
14:41:48:%N,4096,-44,2000
14:41:48:%N,0,-44,2000
14:41:48:%N,0,-44,2000
14:41:48:%N,0,-44,2000
14:41:48:%N,4096,-44,2000
14:41:48:%N,4096,-44,2000
14:41:48:%N,4096,-44,2000
14:41:48:%N,0,-44,2000
14:41:48:%N,4096,-44,2000
14:41:49:%N,0,-44,2000
14:41:49:%N,4096,-44,2000
14:41:49:%N,0,-44,2000
14:41:49:%N,0,-44,2000
14:41:49:%N,4096,-44,2000
14:41:49:%N,4096,-44,2000
14:41:49:%N,0,-44,2000
14:41:49:%N,0,-44,2000
14:41:50:%N,4096,-44,2000
14:41:50:%N,0,-44,2000
14:41:50:%N,0,-44,2000
14:41:50:%N,4096,-44,2000
14:41:50:%N,4096,-44,2000
14:41:50:%N,0,-44,2000
14:41:50:%N,0,-44,2000
14:41:50:%N,0,-44,2000
14:41:50:%N,4096,-44,2000
14:41:50:%N,4096,-44,2000
14:41:51:%N,0,-44,2000
14:41:51:%N,4096,-44,2000
14:41:51:%N,0,-44,2000
14:41:51:%N,0,-44,2000
14:41:51:%N,4096,-44,2000
14:41:51:%N,0,-44,2000
14:41:51:%N,4096,-44,2000
14:41:51:%N,1227,-44,2000
14:41:52:%N,0,-44,2000
14:41:52:%N,4096,-44,2000
14:41:52:%N,4096,-44,2000
14:41:52:%N,4096,-44,2000
14:41:52:%N,0,-44,2000
14:41:52:%N,4096,-44,2000
14:41:52:%N,4096,-44,2000
14:41:52:%N,0,-44,2000
14:41:52:%N,0,-44,2000
14:41:52:%N,4096,-44,2000
14:41:53:%N,4096,-44,2000
14:41:53:%N,4096,-44,2000
14:41:53:%N,0,-44,2000
14:41:53:%N,4096,-44,2000
14:41:53:%N,4096,-44,2000
14:41:53:%N,0,-44,2000
14:41:53:%N,4096,-44,2000
14:41:53:%N,0,-44,2000
14:41:53:%N,4096,-44,2000
14:41:54:%N,4096,-44,2000
14:41:54:%N,0,-44,2000
14:41:54:%N,4096,-44,2000
14:41:54:%N,4096,-44,2000
14:41:54:%N,3689,-44,2000
14:41:54:%N,0,-44,2000
14:41:54:%N,0,-44,2000
14:41:54:%N,4096,-44,2000
14:41:54:%N,4096,-44,2000
14:41:55:%N,0,-44,2000
14:41:55:%N,0,-44,2000
14:41:55:%N,4096,-44,2000
14:41:55:%N,4096,-44,2000
14:41:55:%N,0,-44,2000
14:41:55:%N,4096,-44,2000
14:41:55:%N,0,-44,2000
14:41:55:%N,4096,-44,2000
14:41:56:%N,0,-44,2000
14:41:56:%N,4096,-44,2000
14:41:56:%N,0,-44,2000
14:41:56:%N,0,-44,2000
14:41:56:%N,0,-44,2000
14:41:57:%N,4096,-44,2000
14:41:57:%N,4096,-44,2000
14:41:57:%N,0,-44,2000
14:41:57:%N,0,-44,2000
14:41:57:%N,4096,-44,2000
14:41:57:%N,4096,-44,2000
14:41:57:%N,0,-44,2000
14:41:57:%N,4096,-44,2000
14:41:58:%N,4096,-44,2000
14:41:58:%N,0,-44,2000
14:41:58:%N,4096,-44,2000
14:41:58:%N,4096,-44,2000
14:41:58:%N,0,-44,2000
14:41:58:%N,4096,-44,2000
14:41:58:%N,0,-44,2000
14:41:58:%N,4096,-44,2000
14:41:58:%N,4096,-44,2000
14:41:59:%N,0,-44,2000
14:41:59:%N,4096,-44,2000
14:41:59:%N,0,-44,2000
14:41:59:%N,4096,-44,2000
14:41:59:%N,4096,-44,2000
14:41:59:%N,0,-44,2000
14:41:59:%N,0,-44,2000
14:41:59:%N,4096,-44,2000
14:41:59:%N,4096,-44,2000
14:42:00:%N,0,-44,2000
14:42:00:%N,0,-44,2000
14:42:00:%N,0,-44,2000
14:42:00:%N,4096,-44,2000
14:42:00:%N,4096,-44,2000
14:42:00:%N,4096,-44,2000
14:42:00:%N,0,-44,2000
14:42:00:%N,4096,-44,2000
14:42:00:%N,0,-44,2000
14:42:01:%N,4096,-44,2000
14:42:01:%N,0,-44,2000
14:42:01:%N,0,-44,2000
14:42:01:%N,4096,-44,2000
14:42:01:%N,0,-44,2000
14:42:01:%N,4096,-44,2000
14:42:01:%N,4096,-44,2000
14:42:01:%N,0,-44,2000
14:42:02:%N,4096,-44,2000
14:42:02:%N,4096,-44,2000
14:42:02:%N,0,-44,2000
14:42:02:%N,0,-44,2000
14:42:02:%N,4096,-44,2000
14:42:02:%N,4096,-44,2000
14:42:02:%N,4096,-44,2000
14:42:02:%N,0,-44,2000
14:42:02:%N,4096,-44,2000
14:42:03:%N,0,-44,2000
14:42:03:%N,4096,-44,2000
14:42:03:%N,0,-44,2000
14:42:03:%N,4096,-44,2000
14:42:03:%N,0,-44,2000
14:42:03:%N,4096,-44,2000
14:42:03:%N,0,-44,2000
14:42:03:%N,4096,-44,2000
14:42:04:%N,0,-44,2000
14:42:04:%N,4096,-44,2000
14:42:04:%N,0,-44,2000
14:42:04:%N,0,-44,2000
14:42:04:%N,4096,-44,2000
14:42:04:%N,4096,-44,2000
14:42:04:%N,0,-44,2000
14:42:04:%N,0,-44,2000
14:42:04:%N,4096,-44,2000
14:42:05:%N,4096,-44,2000
14:42:05:%N,0,-44,2000
14:42:05:%N,0,-44,2000
14:42:05:%N,4096,-44,2000
14:42:05:%N,0,-44,2000
14:42:05:%N,4096,-44,2000
14:42:05:%N,0,-44,2000
14:42:05:%N,0,-44,2000
14:42:05:%N,4096,-44,2000
14:42:06:%N,0,-44,2000
14:42:06:%N,4096,-44,2000
14:42:06:%N,0,-44,2000
14:42:06:%N,4096,-44,2000
14:42:06:%N,0,-44,2000
14:42:06:%N,4096,-44,2000
14:42:06:%N,4096,-44,2000
14:42:06:%N,0,Invalid RPMsg file Exiting...,Invalid RPMsg file Exiting...
14:42:07:%N,Invalid RPMsg file Exiting...,Invalid RPMsg file Exiting...,Invalid RPMsg file Exiting...
14:42:07:%N,0,0,2000
14:42:07:%N,0,-44,2000
14:42:07:%N,1211,585,2000
14:42:07:%N,652,2610,2000
14:42:07:%N,907,1620,2000
14:42:07:%N,1162,1170,2000
14:42:08:%N,1475,900,2000
14:42:08:%N,1941,495,2000
14:42:08:%N,2297,585,2000
14:42:08:%N,2475,1125,2000
14:42:08:%N,2591,1350,2000
14:42:08:%N,2490,1845,2000
14:42:08:%N,2376,2250,2000
14:42:08:%N,2689,1440,2000
14:42:09:%N,2799,1620,2000
14:42:09:%N,2737,1980,2000
14:42:09:%N,2765,1665,2000
14:42:09:%N,2887,1575,2000
14:42:09:%N,2716,2025,2000
14:42:09:%N,2954,1395,2000
14:42:09:%N,2305,3150,2000
14:42:09:%N,2572,2070,2000
14:42:09:%N,2891,1170,2000
14:42:10:%N,2999,1350,2000
14:42:10:%N,2905,1890,2000
14:42:10:%N,2870,1980,2000
14:42:10:%N,2839,2070,2000
14:42:10:%N,2758,2025,2000
14:42:10:%N,2687,2340,2000
14:42:10:%N,2429,2700,2000
14:42:10:%N,2707,1755,2000
14:42:11:%N,2736,2070,2000
14:42:11:%N,2704,1935,2000
14:42:11:%N,2744,2160,2000
14:42:11:%N,2539,2385,2000
14:42:11:%N,2475,2070,2000
14:42:11:%N,2591,1890,2000
14:42:11:%N,2640,1845,2000
14:42:11:%N,2611,1800,2000
14:42:11:%N,2664,1935,2000
14:42:12:%N,2662,1980,2000
14:42:12:%N,2628,2070,2000
14:42:12:%N,2621,2070,2000
14:42:12:%N,2589,2115,2000
14:42:12:%N,2544,2160,2000
14:42:12:%N,2531,2115,2000
14:42:12:%N,2536,2070,2000
14:42:12:%N,2589,1890,2000
14:42:12:%N,2598,1935,2000
14:42:13:%N,2536,2160,2000
14:42:13:%N,2596,1845,2000
14:42:13:%N,2669,1845,2000
14:42:13:%N,2710,1845,2000
14:42:13:%N,2697,1980,2000
14:42:13:%N,2702,2115,2000
14:42:13:%N,2684,1980,2000
14:42:13:%N,2710,1935,2000
14:42:14:%N,2629,2160,2000
14:42:14:%N,2629,2070,2000
14:42:14:%N,2636,2025,2000
14:42:14:%N,2631,2025,2000
14:42:14:%N,2625,1890,2000
14:42:14:%N,2695,1890,2000
14:42:14:%N,2648,2070,2000
14:42:14:%N,2614,2115,2000
14:42:14:%N,2461,1980,2000
14:42:15:%N,2616,1890,2000
14:42:15:%N,2643,1890,2000
14:42:15:%N,2672,1890,2000
14:42:15:%N,2697,1890,2000
14:42:15:%N,2707,1935,2000
14:42:15:%N,2654,2115,2000
14:42:15:%N,2644,2070,2000
14:42:15:%N,2642,2025,2000
14:42:16:%N,2655,1980,2000
14:42:16:%N,2639,2070,2000
14:42:16:%N,2659,1980,2000
14:42:16:%N,2730,1845,2000
14:42:16:%N,2715,1980,2000
14:42:16:%N,2743,1935,2000
14:42:16:%N,2725,2025,2000
14:42:16:%N,2720,2025,2000
14:42:16:%N,2716,2025,2000
14:42:17:%N,2711,1980,2000
14:42:17:%N,2746,1935,2000
14:42:17:%N,2724,2025,2000
14:42:17:%N,2697,1980,2000
14:42:17:%N,2729,1980,2000
14:42:17:%N,2716,2025,2000
14:42:17:%N,2692,2070,2000
14:42:17:%N,2690,2025,2000
14:42:17:%N,2702,1980,2000
14:42:18:%N,2687,2070,2000
14:42:18:%N,2654,2070,2000
14:42:18:%N,2728,1845,2000
14:42:18:%N,2674,2070,2000
14:42:18:%N,2695,1980,2000
14:42:18:%N,2719,1935,2000
14:42:18:%N,2700,2025,2000
14:42:18:%N,2712,1980,2000
14:42:19:%N,2739,1935,2000
14:42:19:%N,2826,1710,2000
14:42:19:%N,2767,2025,2000
14:42:19:%N,2694,2160,2000
14:42:19:%N,2690,2070,2000
14:42:19:%N,2695,2025,2000
14:42:19:%N,2691,2025,2000
14:42:19:%N,2686,2025,2000
14:42:19:%N,2698,1980,2000
14:42:20:%N,2722,1935,2000
14:42:20:%N,2716,1980,2000
14:42:20:%N,2705,2025,2000
14:42:20:%N,2699,2025,2000
14:42:20:%N,2701,2025,2000
14:42:20:%N,2695,2205,2000
14:42:20:%N,2657,2025,2000
14:42:20:%N,2631,2070,2000
14:42:21:%N,2669,1935,2000
14:42:21:%N,2707,1890,2000
14:42:21:%N,2729,1890,2000
14:42:21:%N,2723,1980,2000
14:42:21:%N,2698,2025,2000
14:42:21:%N,2673,2070,2000
14:42:21:%N,2658,2070,2000
14:42:21:%N,2658,2025,2000
14:42:21:%N,2619,2115,2000
14:42:22:%N,2632,2025,2000
14:42:22:%N,2606,2070,2000
14:42:22:%N,2589,2070,2000
14:42:22:%N,2612,1980,2000
14:42:22:%N,2617,1980,2000
14:42:22:%N,2622,1980,2000
14:42:22:%N,2627,1980,2000
14:42:22:%N,2612,2025,2000
14:42:22:%N,2590,2070,2000
14:42:23:%N,2612,1980,2000
14:42:23:%N,2626,1980,2000
14:42:23:%N,2612,2025,2000
14:42:23:%N,2622,1980,2000
14:42:23:%N,2589,2070,2000
14:42:23:%N,2594,2025,2000
14:42:23:%N,2608,1980,2000
14:42:23:%N,2628,1935,2000
14:42:24:%N,2627,1980,2000
14:42:24:%N,2612,2025,2000
14:42:24:%N,2629,1980,2000
14:42:24:%N,2601,2070,2000
14:42:24:%N,2624,1980,2000
14:42:24:%N,2629,1980,2000
14:42:24:%N,2634,1980,2000
14:42:24:%N,2621,2025,2000
14:42:24:%N,2597,2070,2000
14:42:25:%N,2625,2025,2000
14:42:25:%N,2590,2070,2000
14:42:25:%N,2553,2115,2000
14:42:25:%N,2530,2070,2000
14:42:25:%N,2511,2070,2000
14:42:25:%N,2527,1980,2000
14:42:25:%N,2533,1980,2000
14:42:25:%N,2491,2070,2000
14:42:26:%N,2474,2070,2000
14:42:26:%N,2503,1980,2000
14:42:26:%N,2509,2025,2000
14:42:26:%N,2490,2025,2000
14:42:26:%N,2485,2025,2000
14:42:26:%N,2503,1980,2000
14:42:26:%N,2490,2025,2000
14:42:26:%N,2490,1980,2000
14:42:27:%N,2495,1980,2000
14:42:27:%N,2482,2025,2000
14:42:27:%N,2477,2025,2000
14:42:27:%N,2466,2070,2000
14:42:27:%N,2483,1980,2000
14:42:27:%N,2488,1980,2000
14:42:27:%N,2473,2115,2000
14:42:27:%N,2436,2070,2000
14:42:27:%N,2400,2115,2000
14:42:27:%N,2386,2070,2000
14:42:28:%N,2387,2025,2000
14:42:28:%N,2381,2025,2000
14:42:28:%N,2393,1980,2000
14:42:28:%N,2399,1980,2000
14:42:28:%N,2405,1980,2000
14:42:28:%N,2427,1935,2000
14:42:28:%N,2425,1980,2000
14:42:28:%N,2409,2025,2000
14:42:29:%N,2419,1980,2000
14:42:29:%N,2406,2025,2000
14:42:29:%N,2443,1980,2000
14:42:29:%N,2435,1980,2000
14:42:29:%N,2440,1980,2000
14:42:29:%N,2445,1980,2000
14:42:29:%N,2450,1980,2000
14:42:29:%N,2455,1980,2000
14:42:29:%N,2442,2025,2000
14:42:30:%N,2438,2025,2000
14:42:30:%N,2432,2025,2000
14:42:30:%N,2426,2025,2000
14:42:30:%N,2396,2070,2000
14:42:30:%N,2377,2070,2000
14:42:30:%N,2368,2025,2000
14:42:30:%N,2362,2025,2000
14:42:30:%N,2356,2025,2000
14:42:31:%N,2350,2025,2000
14:42:31:%N,2352,2025,2000
14:42:31:%N,2366,1980,2000
14:42:31:%N,2372,1980,2000
14:42:31:%N,2377,1980,2000
14:42:31:%N,2369,2025,2000
14:42:31:%N,2364,2025,2000
14:42:31:%N,2377,1980,2000
14:42:32:%N,2382,1980,2000
14:42:32:%N,2365,2025,2000
14:42:32:%N,2376,1980,2000
14:42:32:%N,2381,1980,2000
14:42:32:%N,2386,2070,2000
14:42:32:%N,2376,1980,2000
14:42:32:%N,2363,2025,2000
14:42:32:%N,2387,1980,2000
14:42:32:%N,2375,2025,2000
14:42:33:%N,2407,1935,2000
14:42:33:%N,2406,1980,2000
14:42:33:%N,2404,1980,2000
14:42:33:%N,2410,2025,2000
14:42:33:%N,2391,2025,2000
14:42:33:%N,2385,2025,2000
14:42:33:%N,2396,1980,2000
14:42:33:%N,2382,2025,2000
14:42:34:%N,2398,2025,2000
14:42:34:%N,2412,1935,2000
14:42:34:%N,2428,1935,2000
14:42:34:%N,2488,1845,2000
14:42:34:%N,2526,1845,2000
14:42:34:%N,2583,1800,2000
14:42:34:%N,2590,1890,2000
14:42:34:%N,3363,0,2000
14:42:34:%N,3816,0,2000
14:42:35:%N,4096,0,2000
14:42:35:%N,4096,315,2000
14:42:35:%N,3085,5625,2000
14:42:35:%N,2536,4590,2000
14:42:35:%N,2000,4095,2000
14:42:35:%N,1829,3150,2000
14:42:35:%N,1680,2745,2000
14:42:35:%N,1815,1935,2000
14:42:35:%N,1917,1710,2000
14:42:36:%N,2148,1260,2000
14:42:36:%N,2416,1215,2000
14:42:36:%N,2589,1350,2000
14:42:36:%N,2667,1575,2000
14:42:36:%N,2686,1755,2000
14:42:36:%N,2552,1980,2000
14:42:36:%N,2579,2070,2000
14:42:36:%N,2598,1980,2000
14:42:37:%N,2584,2025,2000
14:42:37:%N,2585,1980,2000
14:42:37:%N,2590,1980,2000
14:42:37:%N,2614,1935,2000
14:42:37:%N,2608,1980,2000
14:42:37:%N,2613,1980,2000
14:42:37:%N,2638,1935,2000
14:42:37:%N,2636,2025,2000
14:42:37:%N,2648,1980,2000
14:42:38:%N,2609,2070,2000
14:42:38:%N,2609,2025,2000
14:42:38:%N,2587,2070,2000
14:42:38:%N,2609,1980,2000
14:42:38:%N,2638,1935,2000
14:42:38:%N,2637,1980,2000
14:42:38:%N,2684,1935,2000
14:42:38:%N,2682,1980,2000
14:42:39:%N,2647,2070,2000
14:42:39:%N,2684,1980,2000
14:42:39:%N,2689,1980,2000
14:42:39:%N,2676,2025,2000
14:42:39:%N,2671,2025,2000
14:42:39:%N,2673,2025,2000
14:42:39:%N,2668,2025,2000
14:42:39:%N,2683,1980,2000
14:42:39:%N,2635,2160,2000
14:42:40:%N,2653,2025,2000
14:42:40:%N,2687,1935,2000
14:42:40:%N,2681,1980,2000
14:42:40:%N,2668,2025,2000
14:42:40:%N,2685,1980,2000
14:42:40:%N,2671,1980,2000
14:42:40:%N,2689,1980,2000
14:42:40:%N,2695,1980,2000
14:42:41:%N,2693,2025,2000
14:42:41:%N,2687,2025,2000
14:42:41:%N,2681,2025,2000
14:42:41:%N,2676,2025,2000
14:42:41:%N,2692,1980,2000
14:42:41:%N,2681,2025,2000
14:42:41:%N,2694,1980,2000
14:42:41:%N,2699,1980,2000
14:42:41:%N,2707,2025,2000
14:42:42:%N,2686,2070,2000
14:42:42:%N,2690,2025,2000
14:42:42:%N,2685,2025,2000
14:42:42:%N,2680,2025,2000
14:42:42:%N,2674,2025,2000
14:42:42:%N,2689,1980,2000
14:42:42:%N,2695,1980,2000
14:42:42:%N,2661,2070,2000
14:42:42:%N,2690,1980,2000
14:42:43:%N,2696,1980,2000
14:42:43:%N,2702,2025,2000
14:42:43:%N,2683,2025,2000
14:42:43:%N,2697,1980,2000
14:42:43:%N,2679,2025,2000
14:42:43:%N,2693,1980,2000
14:42:43:%N,2699,1980,2000
14:42:43:%N,2685,2025,2000
14:42:44:%N,2680,2025,2000
14:42:44:%N,2706,1935,2000
14:42:44:%N,2703,1980,2000
14:42:44:%N,2670,2070,2000
14:42:44:%N,2684,2025,2000
14:42:44:%N,2679,2025,2000
14:42:44:%N,2674,2025,2000
14:42:44:%N,2669,2025,2000
14:42:44:%N,2642,2070,2000
14:42:44:%N,2659,1980,2000
14:42:45:%N,2646,2025,2000
14:42:45:%N,2648,2025,2000
14:42:45:%N,2661,1980,2000
14:42:45:%N,2659,2025,2000
14:42:45:%N,2673,1980,2000
14:42:45:%N,2694,1935,2000
14:42:45:%N,2692,1980,2000
14:42:45:%N,2676,1980,2000
14:42:46:%N,2711,1935,2000
14:42:46:%N,2689,2025,2000
14:42:46:%N,2706,1980,2000
14:42:46:%N,2732,1935,2000
14:42:46:%N,2703,2025,2000
14:42:46:%N,2697,2025,2000
14:42:46:%N,2723,1980,2000
14:42:46:%N,2709,2025,2000
14:42:47:%N,2710,1980,2000
14:42:47:%N,2751,1890,2000
14:42:47:%N,2760,2115,2000
14:42:47:%N,2696,2070,2000
14:42:47:%N,2699,2025,2000
14:42:47:%N,2708,1980,2000
14:42:47:%N,2713,1980,2000
14:42:47:%N,2699,2025,2000
14:42:47:%N,2715,2025,2000
14:42:48:%N,2683,2070,2000
14:42:48:%N,2667,2070,2000
14:42:48:%N,2671,2025,2000
14:42:48:%N,2680,1980,2000
14:42:48:%N,2668,2025,2000
14:42:48:%N,2683,1980,2000
14:42:48:%N,2687,1980,2000
14:42:48:%N,2707,1935,2000
14:42:48:%N,2722,1935,2000
14:42:49:%N,2699,2025,2000
14:42:49:%N,2730,1935,2000
14:42:49:%N,2729,1980,2000
14:42:49:%N,2696,2070,2000
14:42:49:%N,2723,2115,2000
14:42:49:%N,2689,2025,2000
14:42:49:%N,2701,1980,2000
14:42:49:%N,2706,1980,2000
14:42:49:%N,2757,1935,2000
14:42:50:%N,2761,1935,2000
14:42:50:%N,2757,1980,2000
14:42:50:%N,2802,1890,2000
14:42:50:%N,2783,2070,2000
14:42:50:%N,2824,1935,2000
14:42:50:%N,2826,1980,2000
14:42:50:%N,2854,2025,2000
14:42:50:%N,2771,2160,2000
14:42:51:%N,2833,1935,2000
14:42:51:%N,2834,1935,2000
14:42:51:%N,2871,1890,2000
14:42:51:%N,2873,1980,2000
14:42:51:%N,2843,2070,2000
14:42:51:%N,2829,2070,2000
14:42:51:%N,2814,1980,2000
14:42:51:%N,2815,2070,2000
14:42:51:%N,2765,2160,2000
14:42:52:%N,2728,2160,2000
14:42:52:%N,2759,2025,2000
14:42:52:%N,2807,1890,2000
14:42:52:%N,2917,1710,2000
14:42:52:%N,2798,2205,2000
14:42:52:%N,2860,1935,2000
14:42:52:%N,2877,1935,2000
14:42:52:%N,2841,2070,2000
14:42:52:%N,2875,1980,2000
14:42:53:%N,2714,2385,2000
14:42:53:%N,2851,1845,2000
14:42:53:%N,2875,1890,2000
14:42:53:%N,2754,1935,2000
14:42:53:%N,2818,2025,2000
14:42:53:%N,2873,1890,2000
14:42:53:%N,2895,1935,2000
14:42:53:%N,2911,1935,2000
14:42:54:%N,2927,1935,2000
14:42:54:%N,2841,2160,2000
14:42:54:%N,2854,2025,2000
14:42:54:%N,2867,1980,2000
14:42:54:%N,2872,2070,2000
14:42:54:%N,2831,2070,2000
14:42:54:%N,2834,2025,2000
14:42:54:%N,2772,2160,2000
14:42:54:%N,2859,1890,2000
14:42:55:%N,2892,1890,2000
14:42:55:%N,2869,1980,2000
14:42:55:%N,2837,2070,2000
14:42:55:%N,2842,2025,2000
14:42:55:%N,2855,1980,2000
14:42:55:%N,2883,1935,2000
14:42:55:%N,2865,2025,2000
14:42:55:%N,2817,1980,2000
14:42:56:%N,2879,1935,2000
14:42:56:%N,2936,1845,2000
14:42:56:%N,2885,2070,2000
14:42:56:%N,2870,2070,2000
14:42:56:%N,2856,2070,2000
14:42:56:%N,2924,1890,2000
14:42:56:%N,2928,1935,2000
14:42:56:%N,2961,1890,2000
14:42:56:%N,3009,1845,2000
14:42:57:%N,2775,2475,2000
14:42:57:%N,2765,2205,2000
14:42:57:%N,2777,2070,2000
14:42:57:%N,2869,1890,2000
14:42:57:%N,2852,1980,2000
14:42:57:%N,2858,1980,2000
14:42:57:%N,2864,1980,2000
14:42:57:%N,2891,1935,2000
14:42:57:%N,2875,2025,2000
14:42:58:%N,2854,2070,2000
14:42:58:%N,2873,1980,2000
14:42:58:%N,2897,1980,2000
14:42:58:%N,2902,1980,2000
14:42:58:%N,2867,2070,2000
14:42:58:%N,2895,1935,2000
14:42:58:%N,2877,2025,2000
14:42:58:%N,2891,1980,2000
14:42:59:%N,2962,1800,2000
14:42:59:%N,2877,2160,2000
14:42:59:%N,2878,2070,2000
14:42:59:%N,2919,1890,2000
14:42:59:%N,2914,1980,2000
14:42:59:%N,2900,2025,2000
14:42:59:%N,2874,2025,2000
14:42:59:%N,2865,2070,2000
14:42:59:%N,2907,1935,2000
14:43:00:%N,2904,2025,2000
14:43:00:%N,2898,2025,2000
14:43:00:%N,2893,2025,2000
14:43:00:%N,2904,1980,2000
14:43:00:%N,2867,1980,2000
14:43:00:%N,2883,2025,2000
14:43:00:%N,2904,1935,2000
14:43:00:%N,2922,1935,2000
14:43:01:%N,2938,1935,2000
14:43:01:%N,2822,2295,2000
14:43:01:%N,2886,1935,2000
14:43:01:%N,2921,1890,2000
14:43:01:%N,2906,1980,2000
14:43:01:%N,2863,2115,2000
14:43:01:%N,2893,1980,2000
14:43:01:%N,2918,1935,2000
14:43:01:%N,2738,2520,2000
14:43:01:%N,2851,1890,2000
14:43:02:%N,2673,2385,2000
14:43:02:%N,2903,1710,2000
14:43:02:%N,2896,1935,2000
14:43:02:%N,2936,2025,2000
14:43:02:%N,2802,2340,2000
14:43:02:%N,2911,1935,2000
14:43:02:%N,2834,2160,2000
14:43:02:%N,2939,1845,2000
14:43:03:%N,2962,1890,2000
14:43:03:%N,2862,1935,2000
14:43:03:%N,2879,2115,2000
14:43:03:%N,2850,2115,2000
14:43:03:%N,2901,1890,2000
14:43:03:%N,2910,1935,2000
14:43:03:%N,2948,1890,2000
14:43:03:%N,2927,1935,2000
14:43:04:%N,2942,1935,2000
14:43:04:%N,2883,2115,2000
14:43:04:%N,2899,2025,2000
14:43:04:%N,2941,1890,2000
14:43:04:%N,2932,1980,2000
14:43:04:%N,2938,1980,2000
14:43:04:%N,2927,2025,2000
14:43:04:%N,2941,1980,2000
14:43:04:%N,2947,1980,2000
14:43:05:%N,2971,1935,2000
14:43:05:%N,2909,1980,2000
14:43:05:%N,2956,1890,2000
14:43:05:%N,2947,1980,2000
14:43:05:%N,2973,1935,2000
14:43:05:%N,2927,2070,2000
14:43:05:%N,2792,2340,2000
14:43:05:%N,2922,1935,2000
14:43:06:%N,2972,1845,2000
14:43:06:%N,2990,1890,2000
14:43:06:%N,2952,2115,2000
14:43:06:%N,2869,2205,2000
14:43:06:%N,2912,1980,2000
14:43:06:%N,2770,2295,2000
14:43:06:%N,2915,1890,2000
14:43:06:%N,2942,1890,2000
14:43:06:%N,2909,2025,2000
14:43:06:%N,2992,2115,2000
14:43:07:%N,2948,1935,2000
14:43:07:%N,2986,1890,2000
14:43:07:%N,2948,2070,2000
14:43:07:%N,2930,2070,2000
14:43:07:%N,2930,2115,2000
14:43:07:%N,2959,1980,2000
14:43:07:%N,2924,1935,2000
14:43:07:%N,2941,1935,2000
14:43:08:%N,2967,1935,2000
14:43:08:%N,2913,2115,2000
14:43:08:%N,2947,1935,2000
14:43:08:%N,2983,1890,2000
14:43:08:%N,2928,2070,2000
14:43:08:%N,2948,1890,2000
14:43:08:%N,2975,1890,2000
14:43:08:%N,2927,2070,2000
14:43:08:%N,2871,2160,2000
14:43:09:%N,2968,1935,2000
14:43:09:%N,2984,1935,2000
14:43:09:%N,3000,1935,2000
14:43:09:%N,2911,1980,2000
14:43:09:%N,2846,2160,2000
14:43:09:%N,2890,1980,2000
14:43:09:%N,2971,1845,2000
14:43:09:%N,2994,1890,2000
14:43:10:%N,2922,2115,2000
14:43:10:%N,2951,1980,2000
14:43:10:%N,2940,2025,2000
14:43:10:%N,2891,2115,2000
14:43:10:%N,2897,2025,2000
14:43:10:%N,2850,2115,2000
14:43:10:%N,2943,1890,2000
14:43:10:%N,3009,1800,2000
14:43:11:%N,2932,2070,2000
14:43:11:%N,2962,1980,2000
14:43:11:%N,2968,1980,2000
14:43:11:%N,2890,2160,2000
14:43:11:%N,2939,1980,2000
14:43:11:%N,2873,2160,2000
14:43:11:%N,2936,1935,2000
14:43:11:%N,2974,2070,2000
14:43:11:%N,2891,2115,2000
14:43:11:%N,2972,1845,2000
14:43:12:%N,2929,1935,2000
14:43:12:%N,2834,2295,2000
14:43:12:%N,2883,1890,2000
14:43:12:%N,3011,1755,2000
14:43:12:%N,2968,1980,2000
14:43:12:%N,2936,2070,2000
14:43:12:%N,2920,2070,2000
14:43:12:%N,2921,2025,2000
14:43:13:%N,2791,2295,2000
14:43:13:%N,2942,1890,2000
14:43:13:%N,2853,2160,2000
14:43:13:%N,2749,2385,2000
14:43:13:%N,2882,1845,2000
14:43:13:%N,2965,2115,2000
14:43:13:%N,2893,1935,2000
14:43:13:%N,2890,1980,2000
14:43:14:%N,2974,1800,2000
14:43:14:%N,2900,2115,2000
14:43:14:%N,2924,1980,2000
14:43:14:%N,2909,2025,2000
14:43:14:%N,2901,2115,2000
14:43:14:%N,2959,1890,2000
14:43:14:%N,2989,1890,2000
14:43:14:%N,2935,2115,2000
14:43:14:%N,2981,1935,2000
14:43:15:%N,2916,2160,2000
14:43:15:%N,2912,2070,2000
14:43:15:%N,2957,1935,2000
14:43:15:%N,2976,1935,2000
14:43:15:%N,2969,1980,2000
14:43:15:%N,2916,2115,2000
14:43:15:%N,3032,1755,2000
14:43:15:%N,3004,1980,2000
14:43:16:%N,2821,2385,2000
14:43:16:%N,2846,2115,2000
14:43:16:%N,2892,1935,2000
14:43:16:%N,3010,1710,2000
14:43:16:%N,2927,1980,2000
14:43:16:%N,2984,1845,2000
14:43:16:%N,3059,1755,2000
14:43:16:%N,2988,2025,2000
14:43:16:%N,2954,2115,2000
14:43:17:%N,2962,2025,2000
14:43:17:%N,2956,2160,2000
14:43:17:%N,2998,1845,2000
14:43:17:%N,3021,2385,2000
14:43:17:%N,2873,2115,2000
14:43:17:%N,2929,2160,2000
14:43:17:%N,2873,2025,2000
14:43:17:%N,2867,2160,2000
14:43:18:%N,2888,1890,2000
14:43:18:%N,2878,1980,2000
14:43:18:%N,2818,2205,2000
14:43:18:%N,2954,1845,2000
14:43:18:%N,3033,1710,2000
14:43:18:%N,3083,1755,2000
14:43:18:%N,2929,2115,2000
14:43:18:%N,2961,2025,2000
14:43:18:%N,2973,1980,2000
14:43:19:%N,2862,2250,2000
14:43:19:%N,2816,2385,2000
14:43:19:%N,2910,1890,2000
14:43:19:%N,2899,1980,2000
14:43:19:%N,2929,1755,2000
14:43:19:%N,2939,1890,2000
14:43:19:%N,3012,1800,2000
14:43:19:%N,3131,1755,2000
14:43:19:%N,2862,2520,2000
14:43:20:%N,2983,1935,2000
14:43:20:%N,2893,2295,2000
14:43:20:%N,2993,1845,2000
14:43:20:%N,3089,1620,2000
14:43:20:%N,2944,2250,2000
14:43:20:%N,2837,1890,2000
14:43:20:%N,2846,2295,2000
14:43:20:%N,2997,1800,2000
14:43:21:%N,2989,1845,2000
14:43:21:%N,2992,1935,2000
14:43:21:%N,2772,2475,2000
14:43:21:%N,2769,2520,2000
14:43:21:%N,2914,1800,2000
14:43:21:%N,3015,1665,2000
14:43:21:%N,2991,1890,2000
14:43:21:%N,2933,1845,2000
14:43:21:%N,3003,1755,2000
14:43:22:%N,3026,1845,2000
14:43:22:%N,3126,1665,2000
14:43:22:%N,2823,2565,2000
14:43:22:%N,2949,1980,2000
14:43:22:%N,2894,2115,2000
14:43:22:%N,2856,2250,2000
14:43:22:%N,2997,1800,2000
14:43:22:%N,2994,1935,2000
14:43:23:%N,3011,1935,2000
14:43:23:%N,2982,1935,2000
14:43:23:%N,2941,2070,2000
14:43:23:%N,2753,2565,2000
14:43:23:%N,2957,1755,2000
14:43:23:%N,3035,1710,2000
14:43:23:%N,2991,1800,2000
14:43:23:%N,2988,1935,2000
14:43:23:%N,3023,1890,2000
14:43:24:%N,2917,2250,2000
14:43:24:%N,2941,2025,2000
14:43:24:%N,2954,1980,2000
14:43:24:%N,2916,2340,2000
14:43:24:%N,3075,1440,2000
14:43:24:%N,3046,1845,2000
14:43:24:%N,2975,2115,2000
14:43:24:%N,2983,2025,2000
14:43:25:%N,2874,2250,2000
14:43:25:%N,2978,1845,2000
14:43:25:%N,3089,1620,2000
14:43:25:%N,2853,2385,2000
14:43:25:%N,2976,1800,2000
14:43:25:%N,2972,1935,2000
14:43:25:%N,2904,1890,2000
14:43:25:%N,3016,1845,2000
14:43:26:%N,2689,2745,2000
14:43:26:%N,2939,1800,2000
14:43:26:%N,2939,1935,2000
14:43:26:%N,2704,2520,2000
14:43:26:%N,2908,1755,2000
14:43:26:%N,3038,1620,2000
14:43:26:%N,2864,2295,2000
14:43:26:%N,2973,1890,2000
14:43:26:%N,2870,1665,2000
14:43:26:%N,2822,2475,2000
14:43:27:%N,2671,2565,2000
14:43:27:%N,2969,1620,2000
14:43:27:%N,2498,3285,2000
14:43:27:%N,2754,1935,2000
14:43:27:%N,2852,1215,2000
14:43:27:%N,3143,1080,2000
14:43:27:%N,2926,2250,2000
14:43:27:%N,2951,2070,2000
14:43:28:%N,2820,2385,2000
14:43:28:%N,3002,1755,2000
14:43:28:%N,2914,1845,2000
14:43:28:%N,2763,2295,2000
14:43:28:%N,3160,1260,2000
14:43:28:%N,2592,3285,2000
14:43:28:%N,2860,1935,2000
14:43:28:%N,2622,1305,2000
14:43:28:%N,2683,2610,2000
14:43:29:%N,2924,1620,2000
14:43:29:%N,2720,2295,2000
14:43:29:%N,3088,2025,2000
14:43:29:%N,2891,2025,2000
14:43:29:%N,3252,1170,2000
14:43:29:%N,3226,1440,2000
14:43:29:%N,Invalid RPMsg file Exiting...,Invalid RPMsg file Exiting...,Invalid RPMsg file Exiting...
14:43:30:%N,4096,2880,2000
14:43:30:%N,2391,7200,2000
14:43:30:%N,1650,6210,2000
14:43:30:%N,585,6255,2000
14:43:30:%N,0,6030,2000
14:43:30:%N,0,4590,2000
14:43:30:%N,0,3690,2000
14:43:31:%N,0,2160,2000
14:43:31:%N,0,1485,2000
14:43:31:%N,0,855,2000
14:43:31:%N,0,2025,2000
14:43:31:%N,0,2610,2000
14:43:31:%N,0,1935,2000
14:43:31:%N,0,675,2000
14:43:31:%N,0,4140,2000
14:43:31:%N,0,4275,2000
14:43:32:%N,0,3510,2000
14:43:32:%N,0,1980,2000
14:43:32:%N,0,1350,2000
14:43:32:%N,0,720,2000
14:43:32:%N,43,0,2000
14:43:32:%N,0,2115,2000
14:43:32:%N,0,3150,2000
14:43:32:%N,0,2430,2000
14:43:32:%N,0,1035,2000
14:43:33:%N,0,450,2000
14:43:33:%N,801,2520,2000
14:43:33:%N,0,6255,2000
14:43:33:%N,0,5220,2000
14:43:33:%N,0,3510,2000
14:43:33:%N,0,2700,2000
14:43:33:%N,0,1350,2000
14:43:33:%N,0,720,2000
14:43:34:%N,0,45,2000
14:43:34:%N,341,0,2000
14:43:34:%N,0,4050,2000
14:43:34:%N,0,3330,2000
14:43:34:%N,0,2520,2000
14:43:34:%N,0,1170,2000
14:43:34:%N,0,540,2000
14:43:34:%N,4096,-89,2000
14:43:34:%N,192,4185,2000
14:43:35:%N,0,6390,2000
14:43:35:%N,0,4410,2000
14:43:35:%N,0,3600,2000
14:43:35:%N,0,2070,2000
14:43:35:%N,0,1395,2000
14:43:35:%N,0,90,2000
14:43:35:%N,0,0,2000
14:43:35:%N,0,3150,2000
14:43:36:%N,0,3690,2000
14:43:36:%N,0,2250,2000
14:43:36:%N,0,1530,2000
14:43:36:%N,0,945,2000
14:43:36:%N,31,225,2000
14:43:36:%N,0,3870,2000
14:43:36:%N,0,4590,2000
14:43:36:%N,0,3825,2000
14:43:36:%N,0,2250,2000
14:43:37:%N,0,1530,2000
14:43:37:%N,0,990,2000
14:43:37:%N,0,180,2000
14:43:37:%N,788,1035,2000
14:43:37:%N,0,6120,2000
14:43:37:%N,0,4140,2000
14:43:37:%N,0,2520,2000
14:43:37:%N,0,1845,2000
14:43:37:%N,0,585,2000
14:43:38:%N,4096,-89,2000
14:43:38:%N,1274,5850,2000
14:43:38:%N,0,4995,2000
14:43:38:%N,0,4140,2000
14:43:38:%N,0,2520,2000
14:43:38:%N,0,1845,2000
14:43:38:%N,0,1170,2000
14:43:38:%N,0,-44,2000
14:43:39:%N,766,1665,2000
14:43:39:%N,0,5850,2000
14:43:39:%N,0,4050,2000
14:43:39:%N,0,3285,2000
14:43:39:%N,0,2475,2000
14:43:39:%N,0,1170,2000
14:43:39:%N,0,540,2000
14:43:39:%N,4096,-44,2000
14:43:39:%N,0,5940,2000
14:43:40:%N,0,4905,2000
14:43:40:%N,0,3285,2000
14:43:40:%N,0,2520,2000
14:43:40:%N,0,1125,2000
14:43:40:%N,0,585,2000
14:43:40:%N,895,765,2000
14:43:40:%N,0,6480,2000
14:43:40:%N,0,4005,2000
14:43:41:%N,0,3240,2000
14:43:41:%N,0,2475,2000
14:43:41:%N,0,1170,2000
14:43:41:%N,0,450,2000
14:43:41:%N,36,45,2000
14:43:41:%N,0,4365,2000
14:43:41:%N,0,4815,2000
14:43:41:%N,0,4005,2000
14:43:41:%N,0,3195,2000
14:43:42:%N,0,1755,2000
14:43:42:%N,0,1080,2000
14:43:42:%N,0,450,2000
14:43:42:%N,0,0,2000
14:43:42:%N,79,2295,2000
14:43:42:%N,0,3240,2000
14:43:42:%N,0,1800,2000
14:43:42:%N,0,1125,2000
14:43:43:%N,244,2835,2000
14:43:43:%N,0,4050,2000
14:43:43:%N,0,2565,2000
14:43:43:%N,0,1800,2000
14:43:43:%N,0,630,2000
14:43:43:%N,0,-44,2000
14:43:43:%N,1204,990,2000
14:43:43:%N,0,5085,2000
14:43:43:%N,0,4230,2000
14:43:44:%N,0,3375,2000
14:43:44:%N,0,2610,2000
14:43:44:%N,0,1260,2000
14:43:44:%N,0,675,2000
14:43:44:%N,4096,-44,2000
14:43:44:%N,394,3015,2000
14:43:44:%N,0,7470,2000
14:43:44:%N,0,5580,2000
14:43:44:%N,0,3780,2000
14:43:45:%N,0,3015,2000
14:43:45:%N,0,1575,2000
14:43:45:%N,0,990,2000
14:43:45:%N,0,0,2000
14:43:45:%N,0,0,2000
14:43:45:%N,0,1080,2000
14:43:45:%N,0,2385,2000
14:43:45:%N,61,990,2000
14:43:46:%N,0,3555,2000
14:43:46:%N,0,4455,2000
14:43:46:%N,0,2880,2000
14:43:46:%N,0,2160,2000
14:43:46:%N,0,1440,2000
14:43:46:%N,0,180,2000
14:43:46:%N,0,-44,2000
14:43:46:%N,779,1755,2000
14:43:46:%N,0,5040,2000
14:43:47:%N,0,4230,2000
14:43:47:%N,0,3375,2000
14:43:47:%N,0,1890,2000
14:43:47:%N,0,1215,2000
14:43:47:%N,0,0,2000
14:43:47:%N,237,405,2000
14:43:47:%N,0,4815,2000
14:43:47:%N,0,4005,2000
14:43:48:%N,0,2430,2000
14:43:48:%N,0,1710,2000
14:43:48:%N,0,450,2000
14:43:48:%N,0,45,2000
14:43:48:%N,0,675,2000
14:43:48:%N,0,3600,2000
14:43:48:%N,0,3915,2000
14:43:48:%N,0,2430,2000
14:43:48:%N,0,1620,2000
14:43:49:%N,1375,5400,2000
14:43:49:%N,0,4950,2000
14:43:49:%N,0,4095,2000
14:43:49:%N,0,3285,2000
14:43:49:%N,0,1845,2000
14:43:49:%N,0,1170,2000
14:43:50:%N,0,585,2000
14:43:50:%N,907,2025,2000
14:43:50:%N,0,5220,2000
14:43:50:%N,0,4185,2000
14:43:50:%N,0,3375,2000
14:43:50:%N,0,1845,2000
14:43:50:%N,0,1260,2000
14:43:50:%N,150,90,2000
14:43:51:%N,0,3330,2000
14:43:51:%N,0,3465,2000
14:43:51:%N,0,2700,2000
14:43:51:%N,0,1935,2000
14:43:51:%N,0,675,2000
14:43:51:%N,0,45,2000
14:43:51:%N,72,675,2000
14:43:51:%N,0,4050,2000
14:43:51:%N,0,3195,2000
14:43:52:%N,0,2475,2000
14:43:52:%N,0,1755,2000
14:43:52:%N,0,495,2000
14:43:52:%N,0,-44,2000
14:43:52:%N,4096,-224,2000
14:43:52:%N,464,7065,2000
14:43:52:%N,0,6165,2000
14:43:52:%N,0,4320,2000
14:43:52:%N,0,3510,2000
14:43:53:%N,0,2025,2000
14:43:53:%N,0,1350,2000
14:43:53:%N,0,45,2000
14:43:53:%N,0,3825,2000
14:43:53:%N,0,2880,2000
14:43:53:%N,0,2070,2000
14:43:53:%N,0,1440,2000
14:43:53:%N,0,180,2000
14:43:54:%N,0,-44,2000
14:43:54:%N,664,2610,2000
14:43:54:%N,0,5265,2000
14:43:54:%N,0,4410,2000
14:43:54:%N,0,3555,2000
14:43:54:%N,0,2790,2000
14:43:54:%N,0,1395,2000
14:43:54:%N,0,765,2000
14:43:54:%N,0,135,2000
14:43:55:%N,0,1800,2000
14:43:55:%N,0,3150,2000
14:43:55:%N,0,2385,2000
14:43:55:%N,0,1080,2000
14:43:55:%N,0,450,2000
14:43:55:%N,Invalid RPMsg file Exiting...,Invalid RPMsg file Exiting...,Invalid RPMsg file Exiting...
14:43:56:%N,4096,4095,2000
14:43:56:%N,2680,6795,2000
14:43:56:%N,1666,6300,2000
14:43:56:%N,538,6300,2000
14:43:56:%N,0,5805,2000
14:43:56:%N,0,4860,2000
14:43:56:%N,0,4005,2000
14:43:56:%N,0,3195,2000
14:43:57:%N,0,1710,2000
14:43:57:%N,0,1080,2000
14:43:57:%N,0,495,2000
14:43:57:%N,524,2025,2000
14:43:57:%N,0,5985,2000
14:43:57:%N,0,4950,2000
14:43:57:%N,0,4140,2000
14:43:57:%N,0,2565,2000
14:43:57:%N,0,1800,2000
14:43:58:%N,0,540,2000
14:43:58:%N,8,0,2000
14:43:58:%N,0,3330,2000
14:43:58:%N,0,3150,2000
14:43:58:%N,0,2340,2000
14:43:58:%N,0,1035,2000
14:43:58:%N,0,405,2000
14:43:58:%N,927,1485,2000
14:43:59:%N,0,5715,2000
14:43:59:%N,0,4095,2000
14:43:59:%N,0,3330,2000
14:43:59:%N,0,2520,2000
14:43:59:%N,0,1800,2000
14:43:59:%N,0,540,2000
14:43:59:%N,98,90,2000
14:43:59:%N,0,3375,2000
14:43:59:%N,0,3420,2000
14:44:00:%N,0,2565,2000
14:44:00:%N,0,1890,2000
14:44:00:%N,0,630,2000
14:44:00:%N,0,0,2000
14:44:00:%N,136,720,2000
14:44:00:%N,0,4410,2000
14:44:00:%N,0,2880,2000
14:44:00:%N,0,2115,2000
14:44:01:%N,0,855,2000
14:44:01:%N,0,180,2000
14:44:01:%N,12,0,2000
14:44:01:%N,0,3960,2000
14:44:01:%N,0,3015,2000
14:44:01:%N,0,2205,2000
14:44:01:%N,0,900,2000
14:44:01:%N,0,270,2000
14:44:02:%N,204,0,2000
14:44:02:%N,0,3825,2000
14:44:02:%N,0,3375,2000
14:44:02:%N,0,2520,2000
14:44:02:%N,0,1845,2000
14:44:02:%N,0,1260,2000
14:44:02:%N,0,45,2000
14:44:02:%N,0,-179,2000
14:44:02:%N,282,5175,2000
14:44:03:%N,0,5310,2000
14:44:03:%N,0,3600,2000
14:44:03:%N,0,2790,2000
14:44:03:%N,0,1395,2000
14:44:03:%N,0,765,2000
14:44:03:%N,0,-44,2000
14:44:03:%N,590,2295,2000
14:44:03:%N,0,4995,2000
14:44:04:%N,0,4140,2000
14:44:04:%N,0,3285,2000
14:44:04:%N,0,1845,2000
14:44:04:%N,0,1215,2000
14:44:04:%N,0,585,2000
14:44:04:%N,4096,-44,2000
14:44:04:%N,0,6660,2000
14:44:04:%N,0,4950,2000
14:44:04:%N,0,4140,2000
14:44:05:%N,0,2520,2000
14:44:05:%N,0,1845,2000
14:44:05:%N,0,1170,2000
14:44:05:%N,0,45,2000
14:44:05:%N,0,0,2000
14:44:05:%N,0,2700,2000
14:44:05:%N,0,2250,2000
14:44:05:%N,0,945,2000
14:44:06:%N,235,360,2000
14:44:06:%N,0,3960,2000
14:44:06:%N,0,3285,2000
14:44:06:%N,0,1800,2000
14:44:06:%N,0,1125,2000
14:44:06:%N,0,0,2000
14:44:06:%N,97,270,2000
14:44:06:%N,0,4500,2000
14:44:07:%N,0,3420,2000
14:44:07:%N,0,2610,2000
14:44:07:%N,0,1935,2000
14:44:07:%N,0,630,2000
14:44:07:%N,0,0,2000
14:44:07:%N,220,0,2000
14:44:07:%N,0,3375,2000
14:44:07:%N,0,2610,2000
14:44:07:%N,0,1305,2000
14:44:08:%N,0,675,2000
14:44:08:%N,0,4320,2000
14:44:08:%N,0,3330,2000
14:44:08:%N,0,2520,2000
14:44:08:%N,0,1215,2000
14:44:08:%N,0,540,2000
14:44:08:%N,730,1305,2000
14:44:08:%N,0,6390,2000
14:44:09:%N,0,4005,2000
14:44:09:%N,0,3195,2000
14:44:09:%N,0,2475,2000
14:44:09:%N,0,1125,2000
14:44:09:%N,0,540,2000
14:44:09:%N,4096,225,2000
14:44:09:%N,0,6300,2000
14:44:09:%N,0,4905,2000
14:44:10:%N,0,3240,2000
14:44:10:%N,0,2520,2000
14:44:10:%N,0,1800,2000
14:44:10:%N,0,540,2000
14:44:10:%N,0,-44,2000
14:44:10:%N,1177,7650,2000
14:44:10:%N,0,4950,2000
14:44:10:%N,0,3330,2000
14:44:11:%N,0,2520,2000
14:44:11:%N,0,1170,2000
14:44:11:%N,0,630,2000
14:44:11:%N,0,-854,2000
14:44:11:%N,761,4410,2000
14:44:11:%N,0,5940,2000
14:44:11:%N,0,4770,2000
14:44:11:%N,0,3105,2000
14:44:12:%N,0,2340,2000
14:44:12:%N,0,1035,2000
14:44:12:%N,0,315,2000
14:44:12:%N,261,0,2000
14:44:12:%N,0,4140,2000
14:44:12:%N,0,3465,2000
14:44:12:%N,0,2610,2000
14:44:12:%N,0,1260,2000
14:44:12:%N,0,630,2000
14:44:13:%N,0,90,2000
14:44:13:%N,0,5175,2000
14:44:13:%N,0,4005,2000
14:44:13:%N,0,2520,2000
14:44:13:%N,0,1845,2000
14:44:13:%N,0,585,2000
14:44:13:%N,4096,810,2000
14:44:13:%N,0,6480,2000
14:44:14:%N,0,4185,2000
14:44:14:%N,0,3285,2000
14:44:14:%N,0,1890,2000
14:44:14:%N,0,1170,2000
14:44:14:%N,0,45,2000
14:44:14:%N,0,-44,2000
14:44:14:%N,484,2250,2000
14:44:14:%N,0,4995,2000
14:44:15:%N,0,4230,2000
14:44:15:%N,0,2610,2000
14:44:15:%N,0,1890,2000
14:44:15:%N,0,1215,2000
14:44:15:%N,0,-44,2000
14:44:15:%N,398,1800,2000
14:44:15:%N,0,5400,2000
14:44:15:%N,0,4140,2000
14:44:16:%N,0,2520,2000
14:44:16:%N,0,1890,2000
14:44:16:%N,0,585,2000
14:44:16:%N,0,0,2000
14:44:16:%N,0,1440,2000
14:44:16:%N,0,3330,2000
14:44:16:%N,0,1890,2000
14:44:16:%N,0,1215,2000
14:44:17:%N,0,2610,2000
14:44:17:%N,0,2835,2000
14:44:17:%N,0,2070,2000
14:44:17:%N,0,1395,2000
14:44:17:%N,0,90,2000
14:44:17:%N,0,6120,2000
14:44:17:%N,0,4185,2000
14:44:17:%N,0,2700,2000
14:44:17:%N,0,1980,2000
14:44:18:%N,0,675,2000
14:44:18:%N,0,90,2000
14:44:18:%N,4096,-44,2000
14:44:18:%N,0,5715,2000
14:44:18:%N,0,4995,2000
14:44:18:%N,0,3375,2000
14:44:18:%N,0,1890,2000
14:44:18:%N,0,1215,2000
14:44:19:%N,0,-44,2000
14:44:19:%N,691,1260,2000
14:44:19:%N,0,4995,2000
14:44:19:%N,0,4230,2000
14:44:19:%N,0,2610,2000
14:44:19:%N,0,1890,2000
14:44:19:%N,0,585,2000
14:44:19:%N,0,45,2000
14:44:20:%N,4096,-44,2000
14:44:20:%N,0,5040,2000
14:44:20:%N,0,4995,2000
14:44:20:%N,0,3330,2000
14:44:20:%N,0,2610,2000
14:44:20:%N,0,1845,2000
14:44:20:%N,0,585,2000
14:44:20:%N,248,45,2000
14:44:21:%N,0,4275,2000
14:44:21:%N,0,3510,2000
14:44:21:%N,0,1980,2000
14:44:21:%N,0,765,2000
14:44:21:%N,0,45,2000
14:44:21:%N,0,5445,2000
14:44:21:%N,0,4365,2000
14:44:21:%N,0,2835,2000
14:44:22:%N,0,2115,2000
14:44:22:%N,0,810,2000
14:44:22:%N,0,90,2000
14:44:22:%N,0,-44,2000
14:44:22:%N,1031,1125,2000
14:44:22:%N,0,6390,2000
14:44:22:%N,0,4320,2000
14:44:22:%N,0,3510,2000
14:44:23:%N,0,2700,2000
14:44:23:%N,0,1350,2000
14:44:23:%N,0,720,2000
14:44:23:%N,0,0,2000
14:44:23:%N,0,4635,2000
14:44:23:%N,0,4095,2000
14:44:23:%N,0,2610,2000
14:44:23:%N,0,1890,2000
14:44:24:%N,0,630,2000
14:44:24:%N,0,3060,2000
14:44:24:%N,0,2970,2000
14:44:24:%N,3,1575,2000
14:44:24:%N,0,3510,2000
14:44:24:%N,0,3510,2000
14:44:24:%N,0,2655,2000
14:44:24:%N,0,1350,2000
14:44:25:%N,0,675,2000
14:44:25:%N,0,1665,2000
14:44:25:%N,0,3060,2000
14:44:25:%N,0,1665,2000
14:44:25:%N,0,1035,2000
14:44:25:%N,341,360,2000
14:44:25:%N,0,4275,2000
14:44:25:%N,0,3510,2000
14:44:25:%N,0,2745,2000
14:44:26:%N,0,1350,2000
14:44:26:%N,0,720,2000
14:44:26:%N,56,0,2000
14:44:26:%N,0,3780,2000
14:44:26:%N,0,3510,2000
14:44:26:%N,0,2790,2000
14:44:26:%N,0,1350,2000
14:44:27:%N,0,45,2000
14:44:27:%N,4096,-44,2000
14:44:27:%N,0,6570,2000
14:44:27:%N,0,5175,2000
14:44:27:%N,0,3510,2000
14:44:27:%N,0,2790,2000
14:44:27:%N,0,2025,2000
14:44:27:%N,0,765,2000
14:44:27:%N,0,135,2000
14:44:28:%N,236,0,2000
14:44:28:%N,0,3735,2000
14:44:28:%N,0,3015,2000
14:44:28:%N,0,1620,2000
14:44:28:%N,0,945,2000
14:44:28:%N,0,315,2000
14:44:28:%N,392,4320,2000
14:44:28:%N,0,4725,2000
14:44:29:%N,0,3150,2000
14:44:29:%N,0,2340,2000
14:44:29:%N,0,1035,2000
14:44:29:%N,0,-89,2000
14:44:29:%N,238,2025,2000
14:44:29:%N,0,5130,2000
14:44:29:%N,0,4320,2000
14:44:29:%N,0,2745,2000
14:44:30:%N,0,1935,2000
14:44:30:%N,0,675,2000
14:44:30:%N,0,135,2000
14:44:30:%N,4096,-44,2000
14:44:30:%N,0,5310,2000
14:44:30:%N,0,5130,2000
14:44:30:%N,0,4320,2000
14:44:30:%N,0,2700,2000
14:44:30:%N,0,1935,2000
14:44:31:%N,0,675,2000
14:44:31:%N,0,90,2000
14:44:31:%N,168,0,2000
14:44:31:%N,0,3960,2000
14:44:31:%N,0,3285,2000
14:44:31:%N,0,1800,2000
14:44:31:%N,0,1080,2000
14:44:31:%N,0,-44,2000
14:44:32:%N,1558,0,2000
14:44:32:%N,0,5130,2000
14:44:32:%N,0,4320,2000
14:44:32:%N,0,2700,2000
14:44:32:%N,0,1935,2000
14:44:32:%N,0,720,2000
14:44:32:%N,87,0,2000
14:44:32:%N,0,3105,2000
14:44:33:%N,0,2520,2000
14:44:33:%N,Invalid RPMsg file Exiting...,Invalid RPMsg file Exiting...,Invalid RPMsg file Exiting...
14:44:33:%N,4096,0,2000
14:44:33:%N,4096,-44,2000
14:44:33:%N,0,-44,2000
14:44:33:%N,4096,-44,2000
14:44:34:%N,4096,-44,2000
14:44:34:%N,0,-44,2000
14:44:34:%N,4096,-44,2000
14:44:34:%N,0,-44,2000
14:44:34:%N,4096,-44,2000
14:44:34:%N,0,-44,2000
14:44:34:%N,4096,-44,2000
14:44:34:%N,0,-44,2000
14:44:35:%N,4096,-44,2000
14:44:35:%N,0,-44,2000
14:44:35:%N,4096,-44,2000
14:44:35:%N,0,-44,2000
14:44:35:%N,4096,-44,2000
14:44:35:%N,0,-44,2000
14:44:35:%N,4096,-44,2000
14:44:35:%N,4096,-44,2000
14:44:36:%N,0,-44,2000
14:44:36:%N,4096,-44,2000
14:44:36:%N,0,-44,2000
14:44:36:%N,4096,-44,2000
14:44:36:%N,4096,-44,2000
14:44:36:%N,0,-44,2000
14:44:36:%N,0,-44,2000
14:44:36:%N,4096,-44,2000
14:44:36:%N,0,-44,2000
14:44:37:%N,4096,-44,2000
14:44:37:%N,4096,-44,2000
14:44:37:%N,0,-44,2000
14:44:37:%N,4096,-44,2000
14:44:37:%N,0,-44,2000
14:44:37:%N,4096,-44,2000
14:44:37:%N,0,-44,2000
14:44:38:%N,4096,-44,2000
14:44:38:%N,0,-44,2000
14:44:38:%N,4096,-44,2000
14:44:38:%N,0,-44,2000
14:44:38:%N,4096,-44,2000
14:44:38:%N,4096,-44,2000
14:44:38:%N,0,-44,2000
14:44:38:%N,0,-44,2000
14:44:38:%N,4096,-44,2000
14:44:39:%N,0,-44,2000
14:44:39:%N,4096,-44,2000
14:44:39:%N,4096,-44,2000
14:44:39:%N,0,-44,2000
14:44:39:%N,4096,-44,2000
14:44:39:%N,0,-44,2000
14:44:39:%N,4096,-44,2000
14:44:39:%N,4096,-44,2000
14:44:40:%N,0,-44,2000
14:44:40:%N,4096,-44,2000
14:44:40:%N,0,-44,2000
14:44:40:%N,4096,-44,2000
14:44:40:%N,0,-44,2000
14:44:40:%N,4096,-44,2000
14:44:40:%N,0,-44,2000
14:44:40:%N,4096,-44,2000
14:44:41:%N,4096,-44,2000
14:44:41:%N,0,-44,2000
14:44:41:%N,4096,-44,2000
14:44:41:%N,4076,-44,2000
14:44:41:%N,0,-44,2000
14:44:41:%N,4096,-44,2000
14:44:41:%N,4096,-44,2000
14:44:41:%N,0,-44,2000
14:44:42:%N,4096,-44,2000
14:44:42:%N,0,-44,2000
14:44:42:%N,4096,-44,2000
14:44:42:%N,0,-44,2000
14:44:42:%N,4096,-44,2000
14:44:42:%N,4096,-44,2000
14:44:42:%N,0,-44,2000
14:44:42:%N,0,-44,2000
14:44:43:%N,4096,-44,2000
14:44:43:%N,4096,-44,2000
14:44:43:%N,0,-44,2000
14:44:43:%N,4096,-44,2000
14:44:43:%N,0,-44,2000
14:44:43:%N,4096,-44,2000
14:44:43:%N,4096,-44,2000
14:44:43:%N,0,-44,2000
14:44:44:%N,0,-44,2000
14:44:44:%N,4096,-44,2000
14:44:44:%N,0,-44,2000
14:44:44:%N,4096,-44,2000
14:44:44:%N,4096,-44,2000
14:44:44:%N,0,-44,2000
14:44:44:%N,4096,-44,2000
14:44:44:%N,0,-44,2000
14:44:44:%N,4096,-44,2000
14:44:45:%N,0,-44,2000
14:44:45:%N,4096,-44,2000
14:44:45:%N,0,-44,2000
14:44:45:%N,4096,-44,2000
