14:40:24:%N,2305,2025,2000
14:40:24:%N,2324,1980,2000
14:40:24:%N,2307,1980,2000
14:40:24:%N,2296,2070,2000
14:40:24:%N,2314,1980,2000
14:40:24:%N,2320,1980,2000
14:40:24:%N,2311,2025,2000
14:40:25:%N,2306,2025,2000
14:40:25:%N,2321,1980,2000
14:40:25:%N,2309,2025,2000
14:40:25:%N,2304,1980,2000
14:40:25:%N,2322,1980,2000
14:40:25:%N,2308,2025,2000
14:40:25:%N,2318,1980,2000
14:40:25:%N,2306,2025,2000
14:40:26:%N,2320,1980,2000
14:40:26:%N,2304,2025,2000
14:40:26:%N,2321,2025,2000
14:40:26:%N,2318,1980,2000
14:40:26:%N,2306,2025,2000
14:40:26:%N,2320,1980,2000
14:40:26:%N,2311,2025,2000
14:40:26:%N,2306,2025,2000
14:40:26:%N,2320,1980,2000
14:40:26:%N,2304,1980,2000
14:40:27:%N,2322,1980,2000
14:40:27:%N,2308,2025,2000
14:40:27:%N,2311,2025,2000
14:40:27:%N,2305,2025,2000
14:40:27:%N,2321,1980,2000
14:40:27:%N,2310,2025,2000
14:40:27:%N,2304,2025,2000
14:40:27:%N,2322,1980,2000
14:40:28:%N,2309,2025,2000
14:40:28:%N,2317,1980,2000
14:40:28:%N,2322,1980,2000
14:40:28:%N,2310,2025,2000
14:40:28:%N,2305,2025,2000
14:40:28:%N,2320,1980,2000
14:40:28:%N,2311,2025,2000
14:40:28:%N,2307,2025,2000
14:40:28:%N,2319,1980,2000
14:40:28:%N,2305,2025,2000
14:40:29:%N,2321,1980,2000
14:40:29:%N,2310,2025,2000
14:40:29:%N,2304,1980,2000
14:40:29:%N,2306,2025,2000
14:40:29:%N,2321,1980,2000
14:40:29:%N,2311,2025,2000
14:40:29:%N,2323,1980,2000
14:40:29:%N,2308,2025,2000
14:40:29:%N,2296,2070,2000
14:40:30:%N,2315,1980,2000
14:40:30:%N,2321,1980,2000
14:40:30:%N,2310,2025,2000
14:40:30:%N,2305,2025,2000
14:40:30:%N,2321,1980,2000
14:40:30:%N,2310,2025,2000
14:40:30:%N,2305,2025,2000
14:40:30:%N,2320,1980,2000
14:40:30:%N,2325,1980,2000
14:40:31:%N,2307,2025,2000
14:40:31:%N,2318,1980,2000
14:40:31:%N,2324,1980,2000
14:40:31:%N,2315,2025,2000
14:40:31:%N,2308,2025,2000
14:40:31:%N,2319,1980,2000
14:40:31:%N,2325,1980,2000
14:40:31:%N,2322,1980,2000
14:40:32:%N,2309,2025,2000
14:40:32:%N,2304,1980,2000
14:40:32:%N,2306,2025,2000
14:40:32:%N,2319,1980,2000
14:40:32:%N,2324,1980,2000
14:40:32:%N,2308,2025,2000
14:40:32:%N,2311,2025,2000
14:40:32:%N,2323,1980,2000
14:40:32:%N,2309,2025,2000
14:40:33:%N,2311,2025,2000
14:40:33:%N,2306,2025,2000
14:40:33:%N,2319,1980,2000
14:40:33:%N,2324,1980,2000
14:40:33:%N,2307,2025,2000
14:40:33:%N,2318,1980,2000
14:40:33:%N,2324,1980,2000
14:40:33:%N,2329,2025,2000
14:40:33:%N,2310,2025,2000
14:40:33:%N,2324,1980,2000
14:40:34:%N,2307,2025,2000
14:40:34:%N,2319,1980,2000
14:40:34:%N,2324,1980,2000
14:40:34:%N,2322,1980,2000
14:40:34:%N,2310,2025,2000
14:40:34:%N,2323,1980,2000
14:40:34:%N,2308,2025,2000
14:40:34:%N,2325,2025,2000
14:40:34:%N,2307,2025,2000
14:40:35:%N,2319,1980,2000
14:40:35:%N,2324,1980,2000
14:40:35:%N,2322,1980,2000
14:40:35:%N,2310,2025,2000
14:40:35:%N,2305,2025,2000
14:40:35:%N,2321,1980,2000
14:40:35:%N,2310,2025,2000
14:40:35:%N,2324,1980,2000
14:40:35:%N,2321,1980,2000
14:40:36:%N,2310,2025,2000
14:40:36:%N,2305,2025,2000
14:40:36:%N,2321,1980,2000
14:40:36:%N,2310,2025,2000
14:40:36:%N,2305,2025,2000
14:40:36:%N,2321,1980,2000
14:40:36:%N,2326,1980,2000
14:40:36:%N,2313,2025,2000
14:40:36:%N,2308,2025,2000
14:40:37:%N,2304,1980,2000
14:40:37:%N,2307,2025,2000
14:40:37:%N,2318,1980,2000
14:40:37:%N,2323,1980,2000
14:40:37:%N,2309,2025,2000
14:40:37:%N,2317,1980,2000
14:40:37:%N,2305,2025,2000
14:40:37:%N,2321,1980,2000
14:40:37:%N,2309,2025,2000
14:40:38:%N,2311,2025,2000
14:40:38:%N,2305,2025,2000
14:40:38:%N,2320,1980,2000
14:40:38:%N,2310,2025,2000
14:40:38:%N,2305,2025,2000
14:40:38:%N,2321,1980,2000
14:40:38:%N,2310,2025,2000
14:40:38:%N,2305,2025,2000
14:40:38:%N,2321,1980,2000
14:40:39:%N,2310,2025,2000
14:40:39:%N,2305,2025,2000
14:40:39:%N,2320,1980,2000
14:40:39:%N,2311,2025,2000
14:40:39:%N,2306,2025,2000
14:40:39:%N,2319,1980,2000
14:40:39:%N,2324,1980,2000
14:40:39:%N,2308,1980,2000
14:40:39:%N,2311,2025,2000
14:40:40:%N,2324,1980,2000
14:40:40:%N,2307,2025,2000
14:40:40:%N,2319,1980,2000
14:40:40:%N,2304,2025,2000
14:40:40:%N,2306,2025,2000
14:40:40:%N,2320,1980,2000
14:40:40:%N,2311,2025,2000
14:40:40:%N,2305,2025,2000
14:40:40:%N,2320,1980,2000
14:40:41:%N,2325,2025,2000
14:40:41:%N,2323,1980,2000
14:40:41:%N,2309,2025,2000
14:40:41:%N,2325,2025,2000
14:40:41:%N,2306,2025,2000
14:40:41:%N,2319,1980,2000
14:40:41:%N,2325,1980,2000
14:40:41:%N,2307,2025,2000
14:40:41:%N,2319,1980,2000
14:40:42:%N,2324,1980,2000
14:40:42:%N,2306,2025,2000
14:40:42:%N,2320,1980,2000
14:40:42:%N,2317,1980,2000
14:40:42:%N,2323,1980,2000
14:40:42:%N,2307,1980,2000
14:40:42:%N,2310,2025,2000
14:40:42:%N,2304,1980,2000
14:40:43:%N,2306,2025,2000
14:40:43:%N,2319,1980,2000
14:40:43:%N,2305,2025,2000
14:40:43:%N,2321,1980,2000
14:40:43:%N,2311,2025,2000
14:40:43:%N,2305,2025,2000
14:40:43:%N,2320,1980,2000
14:40:43:%N,2311,2025,2000
14:40:43:%N,2306,2025,2000
14:40:43:%N,2319,1980,2000
14:40:44:%N,2324,1980,2000
14:40:44:%N,2307,2025,2000
14:40:44:%N,2319,1980,2000
14:40:44:%N,2325,2025,2000
14:40:44:%N,2306,2025,2000
14:40:44:%N,2320,1980,2000
14:40:44:%N,2310,2025,2000
14:40:44:%N,2305,2025,2000
14:40:45:%N,2322,1980,2000
14:40:45:%N,2309,2025,2000
14:40:45:%N,2325,2025,2000
14:40:45:%N,2322,1980,2000
14:40:45:%N,2327,1980,2000
14:40:45:%N,2313,2025,2000
14:40:45:%N,2308,1980,2000
14:40:45:%N,2310,2025,2000
14:40:45:%N,2323,1980,2000
14:40:45:%N,2308,2025,2000
14:40:46:%N,2311,2025,2000
14:40:46:%N,2306,2025,2000
14:40:46:%N,2319,1980,2000
14:40:46:%N,2325,1980,2000
14:40:46:%N,2314,2025,2000
14:40:46:%N,2328,1980,2000
14:40:46:%N,2311,2025,2000
14:40:46:%N,2305,2025,2000
14:40:47:%N,2321,1980,2000
14:40:47:%N,2327,1980,2000
14:40:47:%N,2311,2025,2000
14:40:47:%N,2323,1980,2000
14:40:47:%N,2309,2025,2000
14:40:47:%N,2304,2025,2000
14:40:47:%N,2321,1980,2000
14:40:47:%N,2311,2025,2000
14:40:47:%N,2323,1980,2000
14:40:47:%N,2308,2025,2000
14:40:48:%N,2311,2025,2000
14:40:48:%N,2306,2025,2000
14:40:48:%N,2320,1980,2000
14:40:48:%N,2325,2025,2000
14:40:48:%N,2322,1980,2000
14:40:48:%N,2308,2025,2000
14:40:48:%N,2311,2025,2000
14:40:48:%N,2305,2025,2000
14:40:49:%N,2321,1980,2000
14:40:49:%N,2309,2025,2000
14:40:49:%N,2311,2025,2000
14:40:49:%N,2323,1980,2000
14:40:49:%N,2308,2025,2000
14:40:49:%N,2317,1980,2000
14:40:49:%N,2322,1980,2000
14:40:49:%N,2327,1980,2000
14:40:49:%N,2313,2025,2000
14:40:50:%N,2308,2025,2000
14:40:50:%N,2311,2025,2000
14:40:50:%N,2305,2025,2000
14:40:50:%N,2320,1980,2000
14:40:50:%N,2317,1980,2000
14:40:50:%N,2305,2025,2000
14:40:50:%N,2320,1980,2000
14:40:50:%N,2311,2025,2000
14:40:50:%N,2306,2025,2000
14:40:51:%N,2320,1980,2000
14:40:51:%N,2318,1980,2000
14:40:51:%N,2323,1980,2000
14:40:51:%N,2308,2025,2000
14:40:51:%N,2310,2025,2000
14:40:51:%N,2305,2025,2000
14:40:51:%N,2321,1980,2000
14:40:51:%N,2310,2025,2000
14:40:51:%N,2305,2025,2000
14:40:52:%N,2320,1980,2000
14:40:52:%N,2325,1980,2000
14:40:52:%N,2300,2070,2000
14:40:52:%N,2319,1980,2000
14:40:52:%N,2324,1980,2000
14:40:52:%N,2315,2025,2000
14:40:52:%N,2309,2025,2000
14:40:52:%N,2325,1980,2000
14:40:52:%N,2314,2025,2000
14:40:53:%N,2309,2025,2000
14:40:53:%N,2318,1980,2000
14:40:53:%N,2323,1980,2000
14:40:53:%N,2321,1980,2000
14:40:53:%N,2327,1980,2000
14:40:53:%N,2312,2025,2000
14:40:53:%N,2323,1980,2000
14:40:53:%N,2309,2025,2000
14:40:53:%N,2311,2025,2000
14:40:54:%N,2323,1980,2000
14:40:54:%N,2309,2025,2000
14:40:54:%N,2324,1980,2000
14:40:54:%N,2308,2025,2000
14:40:54:%N,2311,2025,2000
14:40:54:%N,2323,1980,2000
14:40:54:%N,2308,2025,2000
14:40:54:%N,2326,1980,2000
14:40:54:%N,2294,2070,2000
14:40:55:%N,2321,1980,2000
14:40:55:%N,2327,1980,2000
14:40:55:%N,2311,2025,2000
14:40:55:%N,2323,1980,2000
14:40:55:%N,2329,2025,2000
14:40:55:%N,2310,2025,2000
14:40:55:%N,2305,2025,2000
14:40:55:%N,2307,2025,2000
14:40:56:%N,2318,1980,2000
14:40:56:%N,2323,1980,2000
14:40:56:%N,2309,2025,2000
14:40:56:%N,2324,1980,2000
14:40:56:%N,2308,1980,2000
14:40:56:%N,2311,2025,2000
14:40:56:%N,2323,1980,2000
14:40:56:%N,2328,1980,2000
14:40:56:%N,2312,1980,2000
14:40:56:%N,2315,2025,2000
14:40:57:%N,2327,1980,2000
14:40:57:%N,2313,2025,2000
14:40:57:%N,2308,1980,2000
14:40:57:%N,2310,2025,2000
14:40:57:%N,2323,1980,2000
14:40:57:%N,2328,1980,2000
14:40:57:%N,2318,1980,2000
14:40:57:%N,2323,1980,2000
14:40:57:%N,2329,2025,2000
14:40:58:%N,2311,2025,2000
14:40:58:%N,2324,1980,2000
14:40:58:%N,2329,1980,2000
14:40:58:%N,2311,2025,2000
14:40:58:%N,2322,1980,2000
14:40:58:%N,2309,2025,2000
14:40:58:%N,2325,2025,2000
14:40:58:%N,2322,1980,2000
14:40:58:%N,2327,1980,2000
14:40:58:%N,2313,2025,2000
14:40:59:%N,2308,2025,2000
14:40:59:%N,2317,1980,2000
14:40:59:%N,2322,1980,2000
14:40:59:%N,2309,2025,2000
14:40:59:%N,2324,1980,2000
14:40:59:%N,2315,2025,2000
14:40:59:%N,2309,2025,2000
14:40:59:%N,2324,1980,2000
14:40:59:%N,2322,1980,2000
14:41:00:%N,2310,2025,2000
14:41:00:%N,2324,1980,2000
14:41:00:%N,2329,2025,2000
14:41:00:%N,2310,2025,2000
14:41:00:%N,2324,1980,2000
14:41:00:%N,2329,2025,2000
14:41:00:%N,2310,2025,2000
14:41:00:%N,2324,1980,2000
14:41:00:%N,2329,2025,2000
14:41:01:%N,2310,2025,2000
14:41:01:%N,2323,1980,2000
14:41:01:%N,2328,1980,2000
14:41:01:%N,2311,2025,2000
14:41:01:%N,2323,1980,2000
14:41:01:%N,2328,1980,2000
14:41:01:%N,2311,2025,2000
14:41:01:%N,2322,1980,2000
14:41:01:%N,2309,2025,2000
14:41:02:%N,2324,1980,2000
14:41:02:%N,2308,2025,2000
14:41:02:%N,2311,2025,2000
14:41:02:%N,2322,1980,2000
14:41:02:%N,2309,2025,2000
14:41:02:%N,2325,2025,2000
14:41:02:%N,2322,1980,2000
14:41:02:%N,2327,1980,2000
14:41:02:%N,2313,2025,2000
14:41:02:%N,2328,1980,2000
14:41:03:%N,2317,1980,2000
14:41:03:%N,2322,1980,2000
14:41:03:%N,2327,1980,2000
14:41:03:%N,2312,2025,2000
14:41:03:%N,2321,1980,2000
14:41:03:%N,2327,1980,2000
14:41:03:%N,2313,2025,2000
14:41:03:%N,2308,2025,2000
14:41:03:%N,2325,1980,2000
14:41:03:%N,2314,2025,2000
14:41:04:%N,2328,1980,2000
14:41:04:%N,2325,1980,2000
14:41:04:%N,2314,2025,2000
14:41:04:%N,2328,1980,2000
14:41:04:%N,2311,2025,2000
14:41:04:%N,2323,1980,2000
14:41:04:%N,2328,1980,2000
14:41:04:%N,2311,1980,2000
14:41:04:%N,2314,2025,2000
14:41:05:%N,2327,1980,2000
14:41:05:%N,2312,2025,2000
14:41:05:%N,2321,1980,2000
14:41:05:%N,2310,2025,2000
14:41:05:%N,2324,1980,2000
14:41:05:%N,2329,2025,2000
14:41:05:%N,2325,1980,2000
14:41:05:%N,2314,2025,2000
14:41:05:%N,2327,1980,2000
14:41:06:%N,2313,2025,2000
14:41:06:%N,2329,1980,2000
14:41:06:%N,2318,2025,2000
14:41:06:%N,2332,1980,2000
14:41:06:%N,2315,2025,2000
14:41:06:%N,2326,1980,2000
14:41:06:%N,2332,1980,2000
14:41:06:%N,2315,2025,2000
14:41:06:%N,2326,1980,2000
14:41:07:%N,2331,1980,2000
14:41:07:%N,2316,2025,2000
14:41:07:%N,2326,1980,2000
14:41:07:%N,2313,2025,2000
14:41:07:%N,2329,2025,2000
14:41:07:%N,2327,1980,2000
14:41:07:%N,2332,1980,2000
14:41:07:%N,2316,2025,2000
14:41:07:%N,2325,1980,2000
14:41:08:%N,2314,2025,2000
14:41:08:%N,2327,1980,2000
14:41:08:%N,2312,2025,2000
14:41:08:%N,2315,2025,2000
14:41:08:%N,2327,1980,2000
14:41:08:%N,2312,2025,2000
14:41:08:%N,2315,2025,2000
14:41:08:%N,2326,1980,2000
14:41:08:%N,2331,1980,2000
14:41:08:%N,2316,2025,2000
14:41:09:%N,2302,2070,2000
14:41:09:%N,2324,1980,2000
14:41:09:%N,2329,1980,2000
14:41:09:%N,2318,2025,2000
14:41:09:%N,2313,2025,2000
14:41:09:%N,2329,1980,2000
14:41:09:%N,2318,2025,2000
14:41:09:%N,2314,2025,2000
14:41:09:%N,2328,1980,2000
14:41:10:%N,2333,2025,2000
14:41:10:%N,2330,1980,2000
14:41:10:%N,2317,2025,2000
14:41:10:%N,2332,1980,2000
14:41:10:%N,2315,2025,2000
14:41:10:%N,2326,1980,2000
14:41:10:%N,2314,2025,2000
14:41:10:%N,2327,1980,2000
14:41:10:%N,2332,1980,2000
14:41:11:%N,2330,1980,2000
14:41:11:%N,2317,2025,2000
14:41:11:%N,2312,1980,2000
14:41:11:%N,2314,2025,2000
14:41:11:%N,2327,1980,2000
14:41:11:%N,2332,1980,2000
14:41:11:%N,2323,2025,2000
14:41:11:%N,2318,2025,2000
14:41:11:%N,2313,2025,2000
14:41:12:%N,2329,1980,2000
14:41:12:%N,2318,2025,2000
14:41:12:%N,2332,1980,2000
14:41:12:%N,2337,2025,2000
14:41:12:%N,2318,2025,2000
14:41:12:%N,2313,2025,2000
14:41:12:%N,2328,1980,2000
14:41:12:%N,2332,1980,2000
14:41:12:%N,2315,2025,2000
14:41:12:%N,2326,1980,2000
14:41:13:%N,2332,1980,2000
14:41:13:%N,2309,2070,2000
14:41:13:%N,2327,1980,2000
14:41:13:%N,2312,2025,2000
14:41:13:%N,2329,1980,2000
14:41:13:%N,2318,2025,2000
14:41:13:%N,2332,1980,2000
14:41:13:%N,2315,1980,2000
14:41:13:%N,2318,2025,2000
14:41:14:%N,2312,2025,2000
14:41:14:%N,2315,2025,2000
14:41:14:%N,2327,1980,2000
14:41:14:%N,2332,1980,2000
14:41:14:%N,2315,2025,2000
14:41:14:%N,2327,1980,2000
14:41:14:%N,2332,1980,2000
14:41:14:%N,2329,1980,2000
14:41:14:%N,2318,2025,2000
14:41:15:%N,2331,1980,2000
14:41:15:%N,2336,1980,2000
14:41:15:%N,2298,1980,2000
14:41:15:%N,2330,1980,2000
14:41:15:%N,2317,2025,2000
14:41:15:%N,2312,2025,2000
14:41:15:%N,2330,1980,2000
14:41:15:%N,2336,1980,2000
14:41:15:%N,2319,2025,2000
14:41:16:%N,2330,1980,2000
14:41:16:%N,2335,1980,2000
14:41:16:%N,2320,2025,2000
14:41:16:%N,2330,1980,2000
14:41:16:%N,2317,2025,2000
14:41:16:%N,2333,2025,2000
14:41:16:%N,2330,1980,2000
14:41:16:%N,2317,2025,2000
14:41:16:%N,2332,1980,2000
14:41:17:%N,2315,1980,2000
14:41:17:%N,2319,2025,2000
14:41:17:%N,2330,1980,2000
14:41:17:%N,2317,2025,2000
14:41:17:%N,2333,2025,2000
14:41:17:%N,2330,1980,2000
14:41:17:%N,2335,1980,2000
14:41:17:%N,2320,2025,2000
14:41:17:%N,2309,2070,2000
14:41:17:%N,2326,1980,2000
14:41:18:%N,2332,1980,2000
14:41:18:%N,2315,2025,2000
14:41:18:%N,2327,1980,2000
14:41:18:%N,2332,1980,2000
14:41:18:%N,2315,2025,2000
14:41:18:%N,2327,1980,2000
14:41:18:%N,2332,1980,2000
14:41:18:%N,2323,2025,2000
14:41:19:%N,2318,2025,2000
14:41:19:%N,2331,1980,2000
14:41:19:%N,2316,2025,2000
14:41:19:%N,2319,2025,2000
14:41:19:%N,2314,2025,2000
14:41:19:%N,2328,1980,2000
14:41:19:%N,2333,2025,2000
14:41:19:%N,2330,1980,2000
14:41:19:%N,2318,2025,2000
14:41:19:%N,2332,1980,2000
14:41:20:%N,2316,2025,2000
14:41:20:%N,2334,1980,2000
14:41:20:%N,2321,2025,2000
14:41:20:%N,2316,1980,2000
14:41:20:%N,2334,1980,2000
14:41:20:%N,2321,2025,2000
14:41:20:%N,2316,1980,2000
14:41:20:%N,2334,1980,2000
14:41:20:%N,2321,2025,2000
14:41:21:%N,2317,2025,2000
14:41:21:%N,2333,1980,2000
14:41:21:%N,2321,2025,2000
14:41:21:%N,2316,2025,2000
14:41:21:%N,2333,2025,2000
14:41:21:%N,2330,1980,2000
14:41:21:%N,2318,2025,2000
14:41:21:%N,2331,1980,2000
14:41:21:%N,2336,1980,2000
14:41:21:%N,2319,2025,2000
14:41:22:%N,2330,1980,2000
14:41:22:%N,2317,2025,2000
14:41:22:%N,2332,1980,2000
14:41:22:%N,2329,1980,2000
14:41:22:%N,2318,2025,2000
14:41:22:%N,2331,1980,2000
14:41:22:%N,2316,1980,2000
14:41:22:%N,2318,2025,2000
14:41:22:%N,2331,1980,2000
14:41:23:%N,2316,2025,2000
14:41:23:%N,2318,2025,2000
14:41:23:%N,2313,2025,2000
14:41:23:%N,2329,1980,2000
14:41:23:%N,2334,1980,2000
14:41:23:%N,2321,2025,2000
14:41:23:%N,2316,2025,2000
14:41:23:%N,2333,1980,2000
14:41:23:%N,2323,2025,2000
14:41:24:%N,2317,2025,2000
14:41:24:%N,2332,1980,2000
14:41:24:%N,2329,1980,2000
14:41:24:%N,2318,2025,2000
14:41:24:%N,2331,1980,2000
14:41:24:%N,2336,1980,2000
14:41:24:%N,2319,2025,2000
14:41:24:%N,2330,1980,2000
14:41:24:%N,2316,2025,2000
14:41:25:%N,2326,1980,2000
14:41:25:%N,2331,1980,2000
14:41:25:%N,2316,2025,2000
14:41:25:%N,2326,1980,2000
14:41:25:%N,2331,1980,2000
14:41:25:%N,2316,2025,2000
14:41:25:%N,2325,1980,2000
14:41:25:%N,2331,1980,2000
14:41:25:%N,2336,1980,2000
14:41:26:%N,2325,1980,2000
14:41:26:%N,2331,1980,2000
14:41:26:%N,2336,1980,2000
14:41:26:%N,2320,2025,2000
14:41:26:%N,2330,1980,2000
14:41:26:%N,2334,1980,2000
14:41:26:%N,2321,2025,2000
14:41:26:%N,2316,2025,2000
14:41:26:%N,2319,2025,2000
14:41:26:%N,2331,1980,2000
14:41:27:%N,2316,2025,2000
14:41:27:%N,2319,2025,2000
14:41:27:%N,2331,1980,2000
14:41:27:%N,2316,2025,2000
14:41:27:%N,2319,2025,2000
14:41:27:%N,2330,1980,2000
14:41:27:%N,2336,1980,2000
14:41:27:%N,2333,1980,2000
14:41:27:%N,2321,2025,2000
14:41:28:%N,2316,2025,2000
14:41:28:%N,2318,2025,2000
14:41:28:%N,2331,1980,2000
14:41:28:%N,2336,1980,2000
14:41:28:%N,2319,1980,2000
14:41:28:%N,2307,2070,2000
14:41:28:%N,2327,1980,2000
14:41:28:%N,2332,1980,2000
14:41:28:%N,2322,2025,2000
14:41:29:%N,2335,1980,2000
14:41:29:%N,2321,2025,2000
14:41:29:%N,2336,1980,2000
14:41:29:%N,2319,2025,2000
14:41:29:%N,2331,1980,2000
14:41:29:%N,2336,1980,2000
14:41:29:%N,2318,2025,2000
14:41:29:%N,2331,1980,2000
14:41:29:%N,2323,2025,2000
14:41:30:%N,2318,2025,2000
14:41:30:%N,2331,1980,2000
14:41:30:%N,2316,2025,2000
14:41:30:%N,2319,2025,2000
14:41:30:%N,2331,1980,2000
14:41:30:%N,2316,2025,2000
14:41:30:%N,2326,1980,2000
14:41:30:%N,2331,1980,2000
14:41:30:%N,2316,1980,2000
14:41:31:%N,2319,2025,2000
14:41:31:%N,2330,1980,2000
14:41:31:%N,2317,2025,2000
14:41:31:%N,2312,2025,2000
14:41:31:%N,2330,1980,2000
14:41:31:%N,2335,1980,2000
14:41:31:%N,2320,2025,2000
14:41:31:%N,2329,1980,2000
14:41:31:%N,2317,2025,2000
14:41:32:%N,2312,2025,2000
14:41:32:%N,2329,1980,2000
14:41:32:%N,2318,2025,2000
14:41:32:%N,2331,1980,2000
14:41:32:%N,2329,1980,2000
14:41:32:%N,2317,2025,2000
14:41:32:%N,2332,1980,2000
14:41:32:%N,2315,2025,2000
14:41:32:%N,2326,1980,2000
14:41:33:%N,2331,1980,2000
14:41:33:%N,2316,2025,2000
14:41:33:%N,2319,2025,2000
14:41:33:%N,2314,2025,2000
14:41:33:%N,2328,1980,2000
14:41:33:%N,2333,1980,2000
14:41:33:%N,2322,2025,2000
14:41:33:%N,2317,2025,2000
14:41:33:%N,2332,1980,2000
14:41:33:%N,2315,2025,2000
14:41:34:%N,2326,1980,2000
14:41:34:%N,2332,1980,2000
14:41:34:%N,2337,2025,2000
14:41:34:%N,2318,2025,2000
14:41:34:%N,2331,1980,2000
14:41:34:%N,2315,2025,2000
14:41:34:%N,2326,1980,2000
14:41:34:%N,2331,1980,2000
14:41:34:%N,2316,2025,2000
14:41:35:%N,2319,2025,2000
14:41:35:%N,2331,1980,2000
14:41:35:%N,2336,1980,2000
14:41:35:%N,2319,2025,2000
14:41:35:%N,2314,2025,2000
14:41:35:%N,2328,1980,2000
14:41:35:%N,2332,1980,2000
14:41:35:%N,2315,1980,2000
14:41:35:%N,2318,2025,2000
14:41:36:%N,2314,2025,2000
14:41:36:%N,2327,1980,2000
14:41:36:%N,2333,2025,2000
14:41:36:%N,2314,2025,2000
14:41:36:%N,2328,1980,2000
14:41:36:%N,2333,1980,2000
14:41:36:%N,2305,2070,2000
14:41:36:%N,2328,1980,2000
14:41:36:%N,2319,2025,2000
14:41:37:%N,2314,2025,2000
14:41:37:%N,2328,1980,2000
14:41:37:%N,2319,2025,2000
14:41:37:%N,2314,2025,2000
14:41:37:%N,2328,1980,2000
14:41:37:%N,2325,1980,2000
14:41:37:%N,2330,1980,2000
14:41:37:%N,2317,2025,2000
14:41:37:%N,2312,2025,2000
14:41:38:%N,2329,1980,2000
14:41:38:%N,2318,2025,2000
14:41:38:%N,2313,2025,2000
14:41:38:%N,2328,1980,2000
14:41:38:%N,2319,2025,2000
14:41:38:%N,2330,1980,2000
14:41:38:%N,2317,2025,2000
14:41:38:%N,2312,2025,2000
14:41:38:%N,2330,1980,2000
14:41:38:%N,2317,2025,2000
14:41:39:%N,2332,1980,2000
14:41:39:%N,2330,1980,2000
14:41:39:%N,2335,1980,2000
14:41:39:%N,2325,1980,2000
14:41:39:%N,2330,1980,2000
14:41:39:%N,2335,1980,2000
14:41:39:%N,2320,2025,2000
14:41:39:%N,2329,1980,2000
14:41:39:%N,2335,1980,2000
14:41:40:%N,2320,2025,2000
14:41:40:%N,2315,2025,2000
14:41:40:%N,2327,1980,2000
14:41:40:%N,2332,1980,2000
14:41:40:%N,2316,2025,2000
14:41:40:%N,2319,2025,2000
14:41:40:%N,2330,1980,2000
14:41:40:%N,2317,2025,2000
14:41:40:%N,2332,1980,2000
14:41:41:%N,2330,1980,2000
14:41:41:%N,2317,2025,2000
14:41:41:%N,2319,2025,2000
14:41:41:%N,2314,2025,2000
14:41:41:%N,2327,1980,2000
14:41:41:%N,2333,2025,2000
14:41:41:%N,2330,1980,2000
14:41:41:%N,2317,2025,2000
14:41:41:%N,2333,1980,2000
14:41:42:%N,2305,2070,2000
14:41:42:%N,2328,1980,2000
14:41:42:%N,2334,1980,2000
14:41:42:%N,2321,2025,2000
14:41:42:%N,2317,2025,2000
14:41:42:%N,2332,1980,2000
14:41:42:%N,2337,2070,2000
14:41:42:%N,2326,1980,2000
14:41:42:%N,2313,2025,2000
14:41:43:%N,2328,1980,2000
14:41:43:%N,2319,2025,2000
14:41:43:%N,2331,1980,2000
14:41:43:%N,2336,1980,2000
14:41:43:%N,2319,2025,2000
14:41:43:%N,2330,1980,2000
14:41:43:%N,2317,2025,2000
14:41:43:%N,2319,2025,2000
14:41:43:%N,2331,1980,2000
14:41:44:%N,2296,2070,2000
14:41:44:%N,2326,1980,2000
14:41:44:%N,2331,1980,2000
14:41:44:%N,2316,2025,2000
14:41:44:%N,2325,1980,2000
14:41:44:%N,2330,1980,2000
14:41:44:%N,2335,1980,2000
14:41:44:%N,2319,2025,2000
14:41:44:%N,2330,1980,2000
14:41:45:%N,2335,1980,2000
14:41:45:%N,2320,2025,2000
14:41:45:%N,2323,2025,2000
14:41:45:%N,2334,1980,2000
14:41:45:%N,2321,2025,2000
14:41:45:%N,2316,2025,2000
14:41:45:%N,2319,2025,2000
14:41:45:%N,2331,1980,2000
14:41:45:%N,2316,2025,2000
14:41:46:%N,2326,1980,2000
14:41:46:%N,2332,1980,2000
14:41:46:%N,2330,1980,2000
14:41:46:%N,2317,2025,2000
14:41:46:%N,2332,1980,2000
14:41:46:%N,2329,1980,2000
14:41:46:%N,2318,2025,2000
14:41:46:%N,2312,2025,2000
14:41:46:%N,2330,1980,2000
14:41:47:%N,2317,2025,2000
14:41:47:%N,2332,1980,2000
14:41:47:%N,2316,1980,2000
14:41:47:%N,2333,1980,2000
14:41:47:%N,2305,2070,2000
14:41:47:%N,2328,1980,2000
14:41:47:%N,2319,2025,2000
14:41:47:%N,2314,2025,2000
14:41:47:%N,2328,1980,2000
14:41:47:%N,2333,1980,2000
14:41:48:%N,2322,2025,2000
14:41:48:%N,2317,2025,2000
14:41:48:%N,2332,1980,2000
14:41:48:%N,2323,2025,2000
14:41:48:%N,2317,2025,2000
14:41:48:%N,2332,1980,2000
14:41:48:%N,2330,1980,2000
14:41:48:%N,2317,2025,2000
14:41:48:%N,2332,1980,2000
14:41:49:%N,2330,1980,2000
14:41:49:%N,2317,2025,2000
14:41:49:%N,2332,1980,2000
14:41:49:%N,2329,1980,2000
14:41:49:%N,2318,2025,2000
14:41:49:%N,2331,1980,2000
14:41:49:%N,2316,2025,2000
14:41:49:%N,2319,2025,2000
14:41:49:%N,2330,1980,2000
14:41:50:%N,2335,1980,2000
14:41:50:%N,2300,2070,2000
14:41:50:%N,2329,1980,2000
14:41:50:%N,2334,1980,2000
14:41:50:%N,2320,2025,2000
14:41:50:%N,2329,1980,2000
14:41:50:%N,2335,1980,2000
14:41:50:%N,2300,2070,2000
14:41:50:%N,2329,1980,2000
14:41:51:%N,2318,2025,2000
14:41:51:%N,2332,1980,2000
14:41:51:%N,2315,1980,2000
14:41:51:%N,2334,1980,2000
14:41:51:%N,2320,2025,2000
14:41:51:%N,2329,1980,2000
14:41:51:%N,2334,1980,2000
14:41:51:%N,2321,2025,2000
14:41:51:%N,2336,1980,2000
14:41:52:%N,2319,2025,2000
14:41:52:%N,2330,1980,2000
14:41:52:%N,2317,2025,2000
14:41:52:%N,2332,1980,2000
14:41:52:%N,2315,1980,2000
14:41:52:%N,2318,2025,2000
14:41:52:%N,2331,1980,2000
14:41:52:%N,2316,2025,2000
14:41:52:%N,2325,1980,2000
14:41:52:%N,2331,1980,2000
14:41:53:%N,2316,2025,2000
14:41:53:%N,2326,1980,2000
14:41:53:%N,2331,1980,2000
14:41:53:%N,2315,2025,2000
14:41:53:%N,2327,1980,2000
14:41:53:%N,2312,2025,2000
14:41:53:%N,2329,1980,2000
14:41:53:%N,2318,2025,2000
14:41:54:%N,2331,1980,2000
14:41:54:%N,2316,2025,2000
14:41:54:%N,2326,1980,2000
14:41:54:%N,2314,2025,2000
14:41:54:%N,2328,1980,2000
14:41:54:%N,2325,1980,2000
14:41:54:%N,2330,1980,2000
14:41:54:%N,2317,2025,2000
14:41:54:%N,2313,2025,2000
14:41:54:%N,2328,1980,2000
14:41:55:%N,2319,2025,2000
14:41:55:%N,2313,2025,2000
14:41:55:%N,2329,1980,2000
14:41:55:%N,2318,2025,2000
14:41:55:%N,2313,2025,2000
14:41:55:%N,2329,1980,2000
14:41:55:%N,2317,2025,2000
14:41:55:%N,2332,1980,2000
14:41:55:%N,2329,1980,2000
14:41:56:%N,2335,1980,2000
14:41:56:%N,2320,2025,2000
14:41:56:%N,2316,2025,2000
14:41:56:%N,2325,1980,2000
14:41:56:%N,2330,1980,2000
14:41:56:%N,2317,2025,2000
14:41:56:%N,2332,1980,2000
14:41:56:%N,2323,2025,2000
14:41:56:%N,2318,2025,2000
14:41:57:%N,2332,1980,2000
14:41:57:%N,2337,2025,2000
14:41:57:%N,2318,2025,2000
14:41:57:%N,2331,1980,2000
14:41:57:%N,2315,2025,2000
14:41:57:%N,2326,1980,2000
14:41:57:%N,2331,1980,2000
14:41:57:%N,2336,1980,2000
14:41:57:%N,2334,1980,2000
14:41:58:%N,2321,2025,2000
14:41:58:%N,2337,1980,2000
14:41:58:%N,2326,2025,2000
14:41:58:%N,2321,2025,2000
14:41:58:%N,2336,1980,2000
14:41:58:%N,2319,2025,2000
14:41:58:%N,2330,1980,2000
14:41:58:%N,2335,1980,2000
14:41:58:%N,2319,2025,2000
14:41:59:%N,2314,2025,2000
14:41:59:%N,2327,1980,2000
14:41:59:%N,2332,1980,2000
14:41:59:%N,2329,1980,2000
14:41:59:%N,2334,1980,2000
14:41:59:%N,2339,1980,2000
14:41:59:%N,2324,2025,2000
14:41:59:%N,2333,1980,2000
14:41:59:%N,2321,2025,2000
14:41:59:%N,2316,2025,2000
14:42:00:%N,2319,2025,2000
14:42:00:%N,2331,1980,2000
14:42:00:%N,2316,2025,2000
14:42:00:%N,2333,1980,2000
14:42:00:%N,2321,2025,2000
14:42:00:%N,2336,1980,2000
14:42:00:%N,2327,2025,2000
14:42:00:%N,2321,2025,2000
14:42:00:%N,2336,1980,2000
14:42:01:%N,2333,1980,2000
14:42:01:%N,2322,2025,2000
14:42:01:%N,2335,1980,2000
14:42:01:%N,2320,2025,2000
14:42:01:%N,2337,1980,2000
14:42:01:%N,2326,2025,2000
14:42:01:%N,2321,2025,2000
14:42:01:%N,2336,1980,2000
14:42:01:%N,2327,2025,2000
14:42:02:%N,2339,1980,2000
14:42:02:%N,2344,1980,2000
14:42:02:%N,2341,1980,2000
14:42:02:%N,2314,2070,2000
14:42:02:%N,2335,1980,2000
14:42:02:%N,2341,2025,2000
14:42:02:%N,2321,2025,2000
14:42:02:%N,2336,1980,2000
14:42:02:%N,2327,2025,2000
14:42:03:%N,2321,2025,2000
14:42:03:%N,2316,2025,2000
14:42:03:%N,2333,1980,2000
14:42:03:%N,2338,1980,2000
14:42:03:%N,2325,2025,2000
14:42:03:%N,2320,2025,2000
14:42:03:%N,2322,2025,2000
14:42:03:%N,2335,1980,2000
14:42:03:%N,2321,2025,2000
14:42:04:%N,2336,1980,2000
14:42:04:%N,2334,1980,2000
14:42:04:%N,2338,1980,2000
14:42:04:%N,2305,2070,2000
14:42:04:%N,2333,1980,2000
14:42:04:%N,2339,1980,2000
14:42:04:%N,2324,2025,2000
14:42:04:%N,2334,1980,2000
14:42:04:%N,2339,1980,2000
14:42:05:%N,2324,2025,2000
14:42:05:%N,2333,1980,2000
14:42:05:%N,2322,2025,2000
14:42:05:%N,2336,1980,2000
14:42:05:%N,2333,1980,2000
14:42:05:%N,2338,1980,2000
14:42:05:%N,2325,2025,2000
14:42:05:%N,2320,2025,2000
14:42:05:%N,2323,2025,2000
14:42:05:%N,2334,1980,2000
14:42:06:%N,2338,1980,2000
14:42:06:%N,2325,2025,2000
14:42:06:%N,2319,1980,2000
14:42:06:%N,2322,2025,2000
14:42:06:%N,2335,1980,2000
14:42:06:%N,2340,1980,2000
14:42:06:%N,2337,1980,2000
14:42:06:%N,2325,2025,2000
14:42:06:%N,2340,1980,2000
14:42:07:%N,2329,1980,2000
14:42:07:%N,2335,1980,2000
14:42:07:%N,2320,2025,2000
14:42:07:%N,2330,1980,2000
14:42:07:%N,2335,1980,2000
14:42:07:%N,2340,1980,2000
14:42:07:%N,2323,2025,2000
14:42:07:%N,2334,1980,2000
14:42:07:%N,2320,2025,2000
14:42:08:%N,2337,2025,2000
14:42:08:%N,2334,1980,2000
14:42:08:%N,2321,2025,2000
14:42:08:%N,2336,2025,2000
14:42:08:%N,2334,1980,2000
14:42:08:%N,2321,2025,2000
14:42:08:%N,2336,1980,2000
14:42:08:%N,2319,1980,2000
14:42:08:%N,2322,2025,2000
14:42:09:%N,2317,2025,2000
14:42:09:%N,2333,1980,2000
14:42:09:%N,2322,2025,2000
14:42:09:%N,2336,1980,2000
14:42:09:%N,2334,1980,2000
14:42:09:%N,2339,1980,2000
14:42:09:%N,2305,2070,2000
14:42:09:%N,2333,1980,2000
14:42:09:%N,2322,2025,2000
14:42:10:%N,2336,1980,2000
14:42:10:%N,2333,1980,2000
14:42:10:%N,2339,1980,2000
14:42:10:%N,2305,2070,2000
14:42:10:%N,2333,1980,2000
14:42:10:%N,2337,1980,2000
14:42:10:%N,2326,2025,2000
14:42:10:%N,2321,2025,2000
14:42:10:%N,2336,1980,2000
14:42:10:%N,2326,2025,2000
14:42:11:%N,2321,2025,2000
14:42:11:%N,2316,2025,2000
14:42:11:%N,2333,1980,2000
14:42:11:%N,2322,2025,2000
14:42:11:%N,2336,1980,2000
14:42:11:%N,2327,2025,2000
14:42:11:%N,2322,2025,2000
14:42:11:%N,2336,1980,2000
14:42:11:%N,2333,1980,2000
14:42:12:%N,2322,2025,2000
14:42:12:%N,2336,1980,2000
14:42:12:%N,2327,2025,2000
14:42:12:%N,2322,2025,2000
14:42:12:%N,2335,1980,2000
14:42:12:%N,2340,1980,2000
14:42:12:%N,2323,2025,2000
14:42:12:%N,2335,1980,2000
14:42:12:%N,2340,1980,2000
14:42:13:%N,2323,2025,2000
14:42:13:%N,2334,1980,2000
14:42:13:%N,2339,1980,2000
14:42:13:%N,2324,2025,2000
14:42:13:%N,2333,1980,2000
14:42:13:%N,2322,2025,2000
14:42:13:%N,2316,2025,2000
14:42:13:%N,2319,2025,2000
14:42:13:%N,2331,1980,2000
14:42:14:%N,2336,1980,2000
14:42:14:%N,2326,2025,2000
14:42:14:%N,2339,1980,2000
14:42:14:%N,2324,2025,2000
14:42:14:%N,2333,1980,2000
14:42:14:%N,2322,2025,2000
14:42:14:%N,2336,1980,2000
14:42:14:%N,2333,1980,2000
14:42:14:%N,2322,2025,2000
14:42:15:%N,2317,2025,2000
14:42:15:%N,2332,1980,2000
14:42:15:%N,2337,1980,2000
14:42:15:%N,2326,2025,2000
14:42:15:%N,2321,2025,2000
14:42:15:%N,2336,1980,2000
14:42:15:%N,2327,2025,2000
14:42:15:%N,2322,2025,2000
14:42:15:%N,2336,1980,2000
14:42:16:%N,2327,2025,2000
14:42:16:%N,2322,2025,2000
14:42:16:%N,2335,1980,2000
14:42:16:%N,2319,1980,2000
14:42:16:%N,2322,2025,2000
14:42:16:%N,2335,1980,2000
14:42:16:%N,2319,1980,2000
14:42:16:%N,2338,1980,2000
14:42:16:%N,2324,2025,2000
14:42:17:%N,2341,1980,2000
14:42:17:%N,2330,2025,2000
14:42:17:%N,2325,2025,2000
14:42:17:%N,2320,2025,2000
14:42:17:%N,2337,1980,2000
14:42:17:%N,2326,2025,2000
14:42:17:%N,2340,1980,2000
14:42:17:%N,2323,2025,2000
14:42:17:%N,2334,1980,2000
14:42:17:%N,2339,1980,2000
14:42:18:%N,2344,1980,2000
14:42:18:%N,2327,2025,2000
14:42:18:%N,2338,1980,2000
14:42:18:%N,2344,1980,2000
14:42:18:%N,2333,1980,2000
14:42:18:%N,2339,1980,2000
14:42:18:%N,2323,2025,2000
14:42:18:%N,2334,1980,2000
14:42:19:%N,2339,1980,2000
14:42:19:%N,2344,1980,2000
14:42:19:%N,2326,2025,2000
14:42:19:%N,2321,2025,2000
14:42:19:%N,2336,1980,2000
14:42:19:%N,2326,2025,2000
14:42:19:%N,2339,1980,2000
14:42:19:%N,2324,2025,2000
14:42:19:%N,2327,2025,2000
14:42:19:%N,2322,2025,2000
14:42:20:%N,2335,1980,2000
14:42:20:%N,2340,1980,2000
14:42:20:%N,2337,1980,2000
14:42:20:%N,2326,2025,2000
14:42:20:%N,2320,2025,2000
14:42:20:%N,2337,1980,2000
14:42:20:%N,2325,2025,2000
14:42:20:%N,2340,1980,2000
14:42:20:%N,2330,2025,2000
14:42:21:%N,2343,1980,2000
14:42:21:%N,2307,2070,2000
14:42:21:%N,2338,1980,2000
14:42:21:%N,2343,1980,2000
14:42:21:%N,2327,2025,2000
14:42:21:%N,2338,1980,2000
14:42:21:%N,2343,1980,2000
14:42:21:%N,2348,2070,2000
14:42:21:%N,2337,1980,2000
14:42:22:%N,2342,1980,2000
14:42:22:%N,2329,2025,2000
14:42:22:%N,2324,2025,2000
14:42:22:%N,2341,1980,2000
14:42:22:%N,2346,1980,2000
14:42:22:%N,2313,2070,2000
14:42:22:%N,2341,1980,2000
14:42:22:%N,2330,2025,2000
14:42:22:%N,2343,1980,2000
14:42:23:%N,2328,2025,2000
14:42:23:%N,2331,2025,2000
14:42:23:%N,2325,2025,2000
14:42:23:%N,2340,1980,2000
14:42:23:%N,2338,1980,2000
14:42:23:%N,2343,1980,2000
14:42:23:%N,2327,1980,2000
14:42:23:%N,2330,2025,2000
14:42:23:%N,2325,2025,2000
14:42:24:%N,2340,1980,2000
14:42:24:%N,2331,2025,2000
14:42:24:%N,2343,1980,2000
14:42:24:%N,2328,2025,2000
14:42:24:%N,2345,1980,2000
14:42:24:%N,2318,2070,2000
14:42:24:%N,2339,1980,2000
14:42:24:%N,2344,1980,2000
14:42:24:%N,2349,2025,2000
14:42:25:%N,2330,2025,2000
14:42:25:%N,2343,1980,2000
14:42:25:%N,2348,1980,2000
14:42:25:%N,2330,2025,2000
14:42:25:%N,2325,2025,2000
14:42:25:%N,2340,1980,2000
14:42:25:%N,2330,2025,2000
14:42:25:%N,2343,1980,2000
14:42:25:%N,2348,1980,2000
14:42:26:%N,2338,2025,2000
14:42:26:%N,2333,2025,2000
14:42:26:%N,2327,1980,2000
14:42:26:%N,2346,1980,2000
14:42:26:%N,2332,2025,2000
14:42:26:%N,2327,2025,2000
14:42:26:%N,2338,1980,2000
14:42:26:%N,2342,1980,2000
14:42:26:%N,2328,2025,2000
14:42:27:%N,2323,1980,2000
14:42:27:%N,2342,1980,2000
14:42:27:%N,2329,2025,2000
14:42:27:%N,2324,2025,2000
14:42:27:%N,2342,1980,2000
14:42:27:%N,2329,2025,2000
14:42:27:%N,2324,2025,2000
14:42:27:%N,2341,1980,2000
14:42:27:%N,2330,2025,2000
14:42:27:%N,2324,2025,2000
14:42:28:%N,2326,2025,2000
14:42:28:%N,2339,1980,2000
14:42:28:%N,2331,2025,2000
14:42:28:%N,2342,1980,2000
14:42:28:%N,2329,2025,2000
14:42:28:%N,2323,1980,2000
14:42:28:%N,2342,1980,2000
14:42:28:%N,2329,2025,2000
14:42:29:%N,2344,2025,2000
14:42:29:%N,2342,1980,2000
14:42:29:%N,2329,2025,2000
14:42:29:%N,2324,2025,2000
14:42:29:%N,2341,1980,2000
14:42:29:%N,2330,2025,2000
14:42:29:%N,2343,1980,2000
14:42:29:%N,2328,2025,2000
14:42:29:%N,2345,2025,2000
14:42:29:%N,2326,2025,2000
14:42:30:%N,2339,1980,2000
14:42:30:%N,2345,1980,2000
14:42:30:%N,2334,2025,2000
14:42:30:%N,2329,2025,2000
14:42:30:%N,2344,1980,2000
14:42:30:%N,2334,2025,2000
14:42:30:%N,2329,2025,2000
14:42:30:%N,2344,1980,2000
14:42:30:%N,2334,2025,2000
14:42:31:%N,2328,2025,2000
14:42:31:%N,2345,1980,2000
14:42:31:%N,2334,2025,2000
14:42:31:%N,2329,2025,2000
14:42:31:%N,2344,1980,2000
14:42:31:%N,2341,1980,2000
14:42:31:%N,2346,1980,2000
14:42:31:%N,2333,2025,2000
14:42:31:%N,2348,2025,2000
14:42:32:%N,2330,2025,2000
14:42:32:%N,2343,1980,2000
14:42:32:%N,2328,2025,2000
14:42:32:%N,2345,1980,2000
14:42:32:%N,2334,2025,2000
14:42:32:%N,2347,1980,2000
14:42:32:%N,2337,1980,2000
14:42:32:%N,2343,1980,2000
14:42:32:%N,2327,2025,2000
14:42:33:%N,2338,1980,2000
14:42:33:%N,2343,1980,2000
14:42:33:%N,2348,1980,2000
14:42:33:%N,2330,2025,2000
14:42:33:%N,2343,1980,2000
14:42:33:%N,2328,2025,2000
14:42:33:%N,2344,2025,2000
14:42:33:%N,2326,2025,2000
14:42:33:%N,2339,1980,2000
14:42:34:%N,2344,1980,2000
14:42:34:%N,2327,1980,2000
14:42:34:%N,2330,2025,2000
14:42:34:%N,2343,1980,2000
14:42:34:%N,2328,2025,2000
14:42:34:%N,2345,1980,2000
14:42:34:%N,2334,2025,2000
14:42:34:%N,2328,2025,2000
14:42:34:%N,2345,1980,2000
14:42:35:%N,2333,2025,2000
14:42:35:%N,2348,1980,2000
14:42:35:%N,2345,1980,2000
14:42:35:%N,2333,2025,2000
14:42:35:%N,2328,2025,2000
14:42:35:%N,2345,1980,2000
14:42:35:%N,2333,2025,2000
14:42:35:%N,2348,1980,2000
14:42:35:%N,2345,1980,2000
14:42:36:%N,2333,2025,2000
14:42:36:%N,2328,2025,2000
14:42:36:%N,2344,1980,2000
14:42:36:%N,2334,2025,2000
14:42:36:%N,2329,2025,2000
14:42:36:%N,2344,1980,2000
14:42:36:%N,2349,1980,2000
14:42:36:%N,2338,2025,2000
14:42:36:%N,2332,2025,2000
14:42:36:%N,2328,2025,2000
14:42:37:%N,2346,1980,2000
14:42:37:%N,2333,2025,2000
14:42:37:%N,2335,2025,2000
14:42:37:%N,2347,1980,2000
14:42:37:%N,2332,2025,2000
14:42:37:%N,2334,2025,2000
14:42:37:%N,2347,1980,2000
14:42:37:%N,2352,1980,2000
14:42:38:%N,2350,1980,2000
14:42:38:%N,2337,2025,2000
14:42:38:%N,2332,2025,2000
14:42:38:%N,2335,2025,2000
14:42:38:%N,2330,2025,2000
14:42:38:%N,2343,1980,2000
14:42:38:%N,2348,1980,2000
14:42:38:%N,2330,2025,2000
14:42:38:%N,2342,1980,2000
14:42:38:%N,2347,1980,2000
14:42:39:%N,2332,2025,2000
14:42:39:%N,2341,1980,2000
14:42:39:%N,2346,1980,2000
14:42:39:%N,2332,2025,2000
14:42:39:%N,2342,1980,2000
14:42:39:%N,2329,2025,2000
14:42:39:%N,2344,1980,2000
14:42:39:%N,2334,2025,2000
14:42:39:%N,2347,1980,2000
14:42:40:%N,2332,2025,2000
14:42:40:%N,2334,2025,2000
14:42:40:%N,2347,1980,2000
14:42:40:%N,2345,1980,2000
14:42:40:%N,2351,1980,2000
14:42:40:%N,2336,2025,2000
14:42:40:%N,2331,2025,2000
14:42:40:%N,2342,1980,2000
14:42:40:%N,2346,1980,2000
14:42:41:%N,2332,2025,2000
14:42:41:%N,2335,2025,2000
14:42:41:%N,2346,1980,2000
14:42:41:%N,2351,1980,2000
14:42:41:%N,2336,2025,2000
14:42:41:%N,2345,1980,2000
14:42:41:%N,2350,1980,2000
14:42:41:%N,2336,2025,2000
14:42:41:%N,2339,2025,2000
14:42:42:%N,2350,1980,2000
14:42:42:%N,2336,2025,2000
14:42:42:%N,2346,1980,2000
14:42:42:%N,2351,1980,2000
14:42:42:%N,2335,1980,2000
14:42:42:%N,2338,2025,2000
14:42:42:%N,2351,1980,2000
14:42:42:%N,2357,2025,2000
14:42:42:%N,2338,2025,2000
14:42:43:%N,2351,1980,2000
14:42:43:%N,2343,2025,2000
14:42:43:%N,2337,2025,2000
14:42:43:%N,2352,1980,2000
14:42:43:%N,2349,1980,2000
14:42:43:%N,2338,2025,2000
14:42:43:%N,2351,1980,2000
14:42:43:%N,2335,1980,2000
14:42:43:%N,2338,2025,2000
14:42:44:%N,2351,1980,2000
14:42:44:%N,2357,1980,2000
14:42:44:%N,2345,2025,2000
14:42:44:%N,2340,2025,2000
14:42:44:%N,2350,1980,2000
14:42:44:%N,2337,2025,2000
14:42:44:%N,2353,1980,2000
14:42:44:%N,2326,2070,2000
14:42:45:%N,2348,1980,2000
14:42:45:%N,2338,2025,2000
14:42:45:%N,2333,2025,2000
14:42:45:%N,2348,1980,2000
14:42:45:%N,2338,2025,2000
14:42:45:%N,2338,2025,2000
14:42:45:%N,2350,1980,2000
14:42:45:%N,2355,1980,2000
14:42:45:%N,2339,2025,2000
14:42:46:%N,2350,1980,2000
14:42:46:%N,2336,2025,2000
14:42:46:%N,2339,2025,2000
14:42:46:%N,2334,2025,2000
14:42:46:%N,2347,1980,2000
14:42:46:%N,2353,1980,2000
14:42:46:%N,2342,2025,2000
14:42:46:%N,2355,1980,2000
14:42:46:%N,2339,2025,2000
14:42:47:%N,2351,1980,2000
14:42:47:%N,2349,1980,2000
14:42:47:%N,2337,2025,2000
14:42:47:%N,2352,1980,2000
14:42:47:%N,2334,2025,2000
14:42:47:%N,2347,1980,2000
14:42:47:%N,2352,1980,2000
14:42:47:%N,2342,2025,2000
14:42:48:%N,2337,2025,2000
14:42:48:%N,2352,1980,2000
14:42:48:%N,2342,2025,2000
14:42:48:%N,2337,2025,2000
14:42:48:%N,2352,1980,2000
14:42:48:%N,2342,2025,2000
14:42:48:%N,2337,2025,2000
14:42:48:%N,2352,1980,2000
14:42:48:%N,2349,1980,2000
14:42:49:%N,2337,2025,2000
14:42:49:%N,2331,1980,2000
14:42:49:%N,2350,1980,2000
14:42:49:%N,2336,2025,2000
14:42:49:%N,2353,1980,2000
14:42:49:%N,2341,2025,2000
14:42:49:%N,2335,1980,2000
14:42:49:%N,2354,1980,2000
14:42:49:%N,2340,2025,2000
14:42:50:%N,2335,1980,2000
14:42:50:%N,2354,1980,2000
14:42:50:%N,2323,2070,2000
14:42:50:%N,2348,1980,2000
14:42:50:%N,2353,1980,2000
14:42:50:%N,2341,2025,2000
14:42:50:%N,2335,2025,2000
14:42:50:%N,2354,1980,2000
14:42:50:%N,2323,2070,2000
14:42:51:%N,2334,2025,2000
14:42:51:%N,2334,2025,2000
14:42:51:%N,2350,1980,2000
14:42:51:%N,2342,2025,2000
14:42:51:%N,2336,2025,2000
14:42:51:%N,2339,2025,2000
14:42:51:%N,2350,1980,2000
14:42:52:%N,2355,1980,2000
14:42:52:%N,2339,2025,2000
14:42:52:%N,2350,1980,2000
14:42:52:%N,2336,2025,2000
14:42:52:%N,2354,1980,2000
14:42:52:%N,2340,2025,2000
14:42:52:%N,2343,2025,2000
14:42:52:%N,2354,1980,2000
14:42:52:%N,2360,1980,2000
14:42:53:%N,2343,2025,2000
14:42:53:%N,2354,1980,2000
14:42:53:%N,2341,2025,2000
14:42:53:%N,2356,1980,2000
14:42:53:%N,2354,1980,2000
14:42:53:%N,2341,2025,2000
14:42:53:%N,2335,1980,2000
14:42:53:%N,2354,1980,2000
14:42:53:%N,2341,2025,2000
14:42:54:%N,2349,1980,2000
14:42:54:%N,2354,1980,2000
14:42:54:%N,2359,1980,2000
14:42:54:%N,2342,2025,2000
14:42:54:%N,2356,1980,2000
14:42:54:%N,2354,1980,2000
14:42:54:%N,2339,1980,2000
14:42:54:%N,2358,1980,2000
14:42:55:%N,2344,2025,2000
14:42:55:%N,2353,1980,2000
14:42:55:%N,2341,2025,2000
14:42:55:%N,2355,1980,2000
14:42:55:%N,2339,1980,2000
14:42:55:%N,2342,2025,2000
14:42:55:%N,2336,2025,2000
14:42:55:%N,2353,1980,2000
14:42:55:%N,2341,2025,2000
14:42:56:%N,2336,2025,2000
14:42:56:%N,2353,1980,2000
14:42:56:%N,2341,2025,2000
14:42:56:%N,2336,2025,2000
14:42:56:%N,2354,1980,2000
14:42:56:%N,2341,2025,2000
14:42:56:%N,2335,1980,2000
14:42:56:%N,2354,1980,2000
14:42:57:%N,2360,1980,2000
14:42:57:%N,2342,2025,2000
14:42:57:%N,2355,1980,2000
14:42:57:%N,2340,2025,2000
14:42:57:%N,2342,2025,2000
14:42:57:%N,2356,1980,2000
14:42:57:%N,2346,2025,2000
