20:02:07:%N,3291,4635,2000
20:02:07:%N,2769,6345,2000
20:02:07:%N,2906,5895,2000
20:02:07:%N,3002,5580,2000
20:02:08:%N,3140,5130,2000
20:02:08:%N,3236,4815,2000
20:02:08:%N,2975,5670,2000
20:02:08:%N,3428,4185,2000
20:02:08:%N,3318,4545,2000
20:02:08:%N,3044,5445,2000
20:02:08:%N,4096,-2294,2000
20:02:08:%N,3799,2970,2000
20:02:08:%N,4096,-4139,2000
20:02:09:%N,3964,2430,2000
20:02:09:%N,3662,6660,2000
20:02:09:%N,3071,5355,2000
20:02:09:%N,4005,-1709,2000
20:02:09:%N,4096,1305,2000
20:02:09:%N,4096,-2699,2000
20:02:09:%N,4096,7155,2000
20:02:09:%N,2920,5850,2000
20:02:10:%N,2783,6300,2000
20:02:10:%N,3057,5085,2000
20:02:10:%N,2893,5940,2000
20:02:10:%N,3195,4950,2000
20:02:10:%N,3826,2880,2000
20:02:10:%N,3414,4230,2000
20:02:10:%N,3594,3960,2000
20:02:10:%N,4005,2295,2000
20:02:10:%N,3250,4770,2000
20:02:10:%N,4096,-809,2000
20:02:11:%N,4096,-2519,2000
20:02:11:%N,4096,-1169,2000
20:02:11:%N,4096,-3239,2000
20:02:11:%N,2458,7830,2000
20:02:11:%N,3044,5445,2000
20:02:11:%N,2659,6705,2000
20:02:11:%N,3154,5085,2000
20:02:11:%N,4096,-224,2000
20:02:12:%N,3401,4140,2000
20:02:12:%N,3634,3510,2000
20:02:12:%N,4096,-1799,2000
20:02:12:%N,4096,-3554,2000
20:02:12:%N,4046,2160,2000
20:02:12:%N,3112,5220,2000
20:02:12:%N,3099,5265,2000
20:02:12:%N,3332,4500,2000
20:02:12:%N,3428,4185,2000
20:02:12:%N,3222,4860,2000
20:02:13:%N,3895,2655,2000
20:02:13:%N,3648,3465,2000
20:02:13:%N,3222,4860,2000
20:02:13:%N,3675,3375,2000
20:02:13:%N,1547,10350,2000
20:02:13:%N,3222,4860,2000
20:02:13:%N,4096,1485,2000
20:02:13:%N,3607,3600,2000
20:02:14:%N,3772,3060,2000
20:02:14:%N,3071,5355,2000
20:02:14:%N,3112,5220,2000
20:02:14:%N,3620,3555,2000
20:02:14:%N,3016,3825,2000
20:02:14:%N,4096,900,2000
20:02:14:%N,4096,1620,2000
20:02:14:%N,4096,-10979,2000
20:02:15:%N,4096,-8504,2000
20:02:15:%N,2714,6525,2000
20:02:15:%N,2906,5895,2000
20:02:15:%N,3181,4995,2000
20:02:15:%N,3318,4545,2000
20:02:15:%N,4096,1125,2000
20:02:15:%N,4096,-629,2000
20:02:15:%N,2920,5850,2000
20:02:15:%N,3236,4815,2000
20:02:16:%N,2810,6210,2000
20:02:16:%N,2467,7335,2000
20:02:16:%N,3359,4410,2000
20:02:16:%N,2563,7020,2000
20:02:16:%N,3291,2250,2000
20:02:16:%N,3785,3015,2000
20:02:16:%N,4096,5535,2000
20:02:16:%N,4060,2115,2000
20:02:16:%N,4096,-44,2000
20:02:17:%N,4096,-899,2000
20:02:17:%N,4096,-2114,2000
20:02:17:%N,4096,-404,2000
20:02:17:%N,2742,6435,2000
20:02:17:%N,2851,6255,2000
20:02:17:%N,3607,3600,2000
20:02:17:%N,4096,720,2000
20:02:17:%N,3890,2925,2000
20:02:17:%N,4096,-629,2000
20:02:18:%N,4032,2205,2000
20:02:18:%N,4096,495,2000
20:02:18:%N,4096,810,2000
20:02:18:%N,4096,-2339,2000
20:02:18:%N,3112,5220,2000
20:02:18:%N,2508,7200,2000
20:02:18:%N,3016,5535,2000
20:02:18:%N,3593,3645,2000
20:02:19:%N,4096,6930,2000
20:02:19:%N,3016,5535,2000
20:02:19:%N,2563,7020,2000
20:02:19:%N,3428,4185,2000
20:02:19:%N,3813,2925,2000
20:02:19:%N,3291,4635,2000
20:02:19:%N,1794,9540,2000
20:02:19:%N,3305,8055,2000
20:02:19:%N,3291,4635,2000
20:02:20:%N,2865,6030,2000
20:02:20:%N,3291,4635,2000
20:02:20:%N,3401,4275,2000
20:02:20:%N,3854,2790,2000
20:02:20:%N,3387,4320,2000
20:02:20:%N,4096,315,2000
20:02:20:%N,4096,-4319,2000
20:02:20:%N,4096,-269,2000
20:02:20:%N,2041,8730,2000
20:02:21:%N,3140,-899,2000
20:02:21:%N,4096,810,2000
20:02:21:%N,1437,5130,2000
20:02:21:%N,3016,5535,2000
20:02:21:%N,4096,720,2000
20:02:21:%N,1821,9450,2000
20:02:21:%N,3195,4950,2000
20:02:21:%N,4046,2160,2000
20:02:21:%N,3799,2970,2000
20:02:22:%N,2563,7020,2000
20:02:22:%N,3030,5490,2000
20:02:22:%N,2934,5805,2000
20:02:22:%N,2632,6795,2000
20:02:22:%N,3497,3960,2000
20:02:22:%N,4096,-4409,2000
20:02:22:%N,3620,3555,2000
20:02:22:%N,4096,-2249,2000
20:02:22:%N,4096,720,2000
20:02:23:%N,3826,2880,2000
20:02:23:%N,4096,-5624,2000
20:02:23:%N,4096,-1169,2000
20:02:23:%N,3744,3150,2000
20:02:23:%N,3057,5400,2000
20:02:23:%N,3703,3285,2000
20:02:23:%N,4096,180,2000
20:02:23:%N,3391,4590,2000
20:02:24:%N,4096,1125,2000
20:02:24:%N,3503,4320,2000
20:02:24:%N,3868,2745,2000
20:02:24:%N,3826,2880,2000
20:02:24:%N,2884,6255,2000
20:02:24:%N,2851,6075,2000
20:02:24:%N,3771,3060,2000
20:02:24:%N,4096,-10934,2000
20:02:24:%N,3593,3645,2000
20:02:25:%N,3730,3195,2000
20:02:25:%N,3813,2925,2000
20:02:25:%N,4096,1845,2000
20:02:25:%N,3195,4950,2000
20:02:25:%N,3483,-3059,2000
20:02:25:%N,4096,-1709,2000
20:02:25:%N,2769,6255,2000
20:02:25:%N,3799,2970,2000
20:02:25:%N,4096,4365,2000
20:02:26:%N,3057,5400,2000
20:02:26:%N,4005,2295,2000
20:02:26:%N,4096,1080,2000
20:02:26:%N,2673,6660,2000
20:02:26:%N,3868,2745,2000
20:02:26:%N,2893,5940,2000
20:02:26:%N,3456,4095,2000
20:02:26:%N,2632,6795,2000
20:02:27:%N,3112,5220,2000
20:02:27:%N,4096,1980,2000
20:02:27:%N,3099,4905,2000
20:02:27:%N,3785,3015,2000
20:02:27:%N,970,12240,2000
20:02:27:%N,3236,4815,2000
20:02:27:%N,2645,6750,2000
20:02:27:%N,2961,5715,2000
20:02:27:%N,3703,3285,2000
20:02:28:%N,2590,6930,2000
20:02:28:%N,3140,5130,2000
20:02:28:%N,4096,1080,2000
20:02:28:%N,3057,5400,2000
20:02:28:%N,3071,5355,2000
20:02:28:%N,3305,4590,2000
20:02:28:%N,2178,8280,2000
20:02:28:%N,3222,4860,2000
20:02:29:%N,3634,3510,2000
20:02:29:%N,4096,1305,2000
20:02:29:%N,3799,2970,2000
20:02:29:%N,1560,10305,2000
20:02:29:%N,3195,4950,2000
20:02:29:%N,2604,6885,2000
20:02:29:%N,3772,3060,2000
20:02:29:%N,4096,-2294,2000
20:02:29:%N,0,18585,2000
20:02:30:%N,3208,4905,2000
20:02:30:%N,3002,5580,2000
20:02:30:%N,2536,7110,2000
20:02:30:%N,3620,3555,2000
20:02:30:%N,4096,1350,2000
20:02:30:%N,3305,4590,2000
20:02:30:%N,3234,4860,2000
20:02:30:%N,4096,135,2000
20:02:30:%N,3607,3600,2000
20:02:31:%N,4096,-9179,2000
20:02:31:%N,4096,2700,2000
20:02:31:%N,3675,3375,2000
20:02:31:%N,4096,-8999,2000
20:02:31:%N,4096,-5264,2000
20:02:31:%N,4096,-1079,2000
20:02:31:%N,3387,4320,2000
20:02:31:%N,4096,-2114,2000
20:02:32:%N,4096,135,2000
20:02:32:%N,4096,-1844,2000
20:02:32:%N,2384,7605,2000
20:02:32:%N,3167,5040,2000
20:02:32:%N,2632,6795,2000
20:02:32:%N,3428,6795,2000
20:02:32:%N,3222,4860,2000
20:02:32:%N,4096,-1349,2000
20:02:32:%N,3414,4230,2000
20:02:32:%N,4096,-2519,2000
20:02:33:%N,4096,1980,2000
20:02:33:%N,3071,5355,2000
20:02:33:%N,3305,4590,2000
20:02:33:%N,4096,360,2000
20:02:33:%N,4054,2745,2000
20:02:33:%N,3511,3915,2000
20:02:33:%N,4096,1800,2000
20:02:33:%N,3964,2430,2000
20:02:34:%N,2371,7650,2000
20:02:34:%N,4096,180,2000
20:02:34:%N,1712,9810,2000
20:02:34:%N,3167,5040,2000
20:02:34:%N,4096,5265,2000
20:02:34:%N,3428,4185,2000
20:02:34:%N,4096,855,2000
20:02:34:%N,1794,9540,2000
20:02:34:%N,3662,3420,2000
20:02:35:%N,4096,-359,2000
20:02:35:%N,1258,11295,2000
20:02:35:%N,3181,4995,2000
20:02:35:%N,3181,4995,2000
20:02:35:%N,2989,3870,2000
20:02:35:%N,4096,-11204,2000
20:02:35:%N,3167,5040,2000
20:02:35:%N,4096,1350,2000
20:02:36:%N,1451,5085,2000
20:02:36:%N,4087,2025,2000
20:02:36:%N,1876,9270,2000
20:02:36:%N,3126,5175,2000
20:02:36:%N,1876,9270,2000
20:02:36:%N,3140,5130,2000
20:02:36:%N,4096,1170,2000
20:02:36:%N,1602,10170,2000
20:02:36:%N,3854,2790,2000
20:02:37:%N,2096,8550,2000
20:02:37:%N,3181,4995,2000
20:02:37:%N,4019,2250,2000
20:02:37:%N,3167,5040,2000
20:02:37:%N,2494,7245,2000
20:02:37:%N,3181,4995,2000
20:02:37:%N,3840,2835,2000
20:02:37:%N,3208,4905,2000
20:02:37:%N,4096,1170,2000
20:02:37:%N,4096,8145,2000
20:02:38:%N,3071,5355,2000
20:02:38:%N,3675,3375,2000
20:02:38:%N,2082,8595,2000
20:02:38:%N,3126,5175,2000
20:02:38:%N,2673,6660,2000
20:02:38:%N,3428,4185,2000
20:02:38:%N,2355,8235,2000
20:02:38:%N,3154,5085,2000
20:02:38:%N,3868,2745,2000
20:02:39:%N,3414,3600,2000
20:02:39:%N,3826,2880,2000
20:02:39:%N,2247,8055,2000
20:02:39:%N,3195,4950,2000
20:02:39:%N,3456,4095,2000
20:02:39:%N,2508,7200,2000
20:02:39:%N,3126,5175,2000
20:02:39:%N,3881,2700,2000
20:02:39:%N,4096,3015,2000
20:02:40:%N,3710,3285,2000
20:02:40:%N,3016,5535,2000
20:02:40:%N,3112,5220,2000
20:02:40:%N,3771,3060,2000
20:02:40:%N,4096,-1304,2000
20:02:40:%N,3181,4995,2000
20:02:40:%N,2687,6615,2000
20:02:40:%N,3277,4680,2000
20:02:40:%N,1890,9225,2000
20:02:41:%N,4096,0,2000
20:02:41:%N,4096,1485,2000
20:02:41:%N,3535,4545,2000
20:02:41:%N,4096,-674,2000
20:02:41:%N,2838,5265,2000
20:02:41:%N,4096,1710,2000
20:02:41:%N,3703,3285,2000
20:02:41:%N,4096,1530,2000
20:02:41:%N,3208,4905,2000
20:02:41:%N,4096,1980,2000
20:02:42:%N,4096,810,2000
20:02:42:%N,2549,7065,2000
20:02:42:%N,2769,6345,2000
20:02:42:%N,2824,6165,2000
20:02:42:%N,3469,3375,2000
20:02:42:%N,4096,-6614,2000
20:02:42:%N,4096,-2474,2000
20:02:42:%N,4096,-4769,2000
20:02:42:%N,4096,-674,2000
20:02:43:%N,4046,2160,2000
20:02:43:%N,3689,3330,2000
20:02:43:%N,4096,-3059,2000
20:02:43:%N,4096,-8729,2000
20:02:43:%N,4096,-2339,2000
20:02:43:%N,3758,3105,2000
20:02:43:%N,3099,5265,2000
20:02:43:%N,3566,3735,2000
20:02:43:%N,4096,-1934,2000
20:02:44:%N,3923,2565,2000
20:02:44:%N,3566,3735,2000
20:02:44:%N,4096,-1619,2000
20:02:44:%N,3662,3420,2000
20:02:44:%N,4096,-3644,2000
20:02:44:%N,4096,360,2000
20:02:44:%N,2481,7290,2000
20:02:44:%N,3030,5490,2000
20:02:44:%N,4096,1710,2000
20:02:44:%N,1451,10665,2000
20:02:45:%N,3140,5130,2000
20:02:45:%N,2597,7290,2000
20:02:45:%N,3181,4995,2000
20:02:45:%N,4005,2295,2000
20:02:45:%N,3140,5130,2000
20:02:45:%N,4096,-764,2000
20:02:45:%N,119,15030,2000
20:02:45:%N,3181,4995,2000
20:02:45:%N,4096,-314,2000
20:02:46:%N,1712,9810,2000
20:02:46:%N,3126,5175,2000
20:02:46:%N,3360,4410,2000
20:02:46:%N,4096,1395,2000
20:02:46:%N,1780,9585,2000
20:02:46:%N,3140,5130,2000
20:02:46:%N,4005,2295,2000
20:02:46:%N,3112,5220,2000
20:02:46:%N,3456,4095,2000
20:02:47:%N,4096,-4634,2000
20:02:47:%N,3085,5310,2000
20:02:47:%N,3332,4500,2000
20:02:47:%N,3730,3195,2000
20:02:47:%N,2961,5715,2000
20:02:47:%N,3167,5040,2000
20:02:47:%N,3071,5355,2000
20:02:47:%N,4096,-224,2000
20:02:47:%N,1643,10035,2000
20:02:48:%N,3099,5265,2000
20:02:48:%N,3456,4095,2000
20:02:48:%N,3002,5580,2000
20:02:48:%N,3250,4770,2000
20:02:48:%N,3552,3780,2000
20:02:48:%N,4096,900,2000
20:02:48:%N,3222,4860,2000
20:02:48:%N,3730,3195,2000
20:02:48:%N,4096,-1664,2000
20:02:48:%N,4096,-6479,2000
20:02:49:%N,3692,3330,2000
20:02:49:%N,4005,2295,2000
20:02:49:%N,4096,1665,2000
20:02:49:%N,3250,7470,2000
20:02:49:%N,3153,5085,2000
20:02:49:%N,3318,4545,2000
20:02:49:%N,2302,7875,2000
20:02:49:%N,3167,5040,2000
20:02:49:%N,4096,-989,2000
20:02:50:%N,4096,-539,2000
20:02:50:%N,4096,-2744,2000
20:02:50:%N,2398,7560,2000
20:02:50:%N,3071,5355,2000
20:02:50:%N,3318,4545,2000
20:02:50:%N,4096,1485,2000
20:02:50:%N,2632,6795,2000
20:02:50:%N,3030,4005,2000
20:02:50:%N,4096,-1754,2000
20:02:51:%N,3854,2790,2000
20:02:51:%N,3167,5040,2000
20:02:51:%N,2989,4275,2000
20:02:51:%N,4096,1440,2000
20:02:51:%N,1629,10080,2000
20:02:51:%N,3126,2745,2000
20:02:51:%N,2522,7155,2000
20:02:51:%N,3057,5400,2000
20:02:51:%N,4096,585,2000
20:02:52:%N,3620,3555,2000
20:02:52:%N,4096,-3644,2000
20:02:52:%N,3126,5175,2000
20:02:52:%N,3359,4410,2000
20:02:52:%N,4096,-854,2000
20:02:52:%N,3497,3960,2000
20:02:52:%N,3744,3150,2000
20:02:52:%N,3991,2340,2000
20:02:52:%N,3565,3735,2000
20:02:52:%N,2659,6705,2000
20:02:53:%N,4096,-224,2000
20:02:53:%N,3071,5355,2000
20:02:53:%N,3002,5580,2000
20:02:53:%N,3305,2115,2000
20:02:53:%N,2851,6075,2000
20:02:53:%N,3126,5175,2000
20:02:53:%N,2961,5715,2000
20:02:53:%N,4096,-854,2000
20:02:53:%N,3607,3600,2000
20:02:54:%N,3250,4770,2000
20:02:54:%N,3964,2430,2000
20:02:54:%N,3854,2790,2000
20:02:54:%N,3565,3735,2000
20:02:54:%N,3745,3420,2000
20:02:54:%N,3428,4185,2000
20:02:54:%N,3469,4050,2000
20:02:54:%N,3785,5490,2000
20:02:54:%N,3538,3825,2000
20:02:55:%N,3318,4545,2000
20:02:55:%N,4096,2790,2000
20:02:55:%N,4096,1575,2000
20:02:55:%N,4096,-3554,2000
20:02:55:%N,4096,1710,2000
20:02:55:%N,4096,90,2000
20:02:55:%N,4096,-1034,2000
20:02:55:%N,4019,2250,2000
20:02:55:%N,4096,450,2000
20:02:56:%N,3222,4860,2000
20:02:56:%N,3414,4230,2000
20:02:56:%N,3483,4005,2000
20:02:56:%N,3881,2700,2000
20:02:56:%N,3030,5490,2000
20:02:56:%N,3099,5265,2000
20:02:56:%N,3428,4185,2000
20:02:56:%N,3552,3780,2000
20:02:56:%N,2879,5985,2000
20:02:57:%N,3524,3870,2000
20:02:57:%N,4096,1710,2000
20:02:57:%N,3208,4905,2000
20:02:57:%N,3291,4455,2000
20:02:57:%N,3346,4455,2000
20:02:57:%N,4046,2160,2000
20:02:57:%N,3044,5445,2000
20:02:57:%N,3140,4365,2000
20:02:57:%N,3456,4095,2000
20:02:57:%N,2618,6840,2000
20:02:58:%N,3277,4680,2000
20:02:58:%N,3222,4365,2000
20:02:58:%N,4096,495,2000
20:02:58:%N,2330,7785,2000
20:02:58:%N,3250,4770,2000
20:02:58:%N,3030,5490,2000
20:02:58:%N,3936,2520,2000
20:02:58:%N,2934,5805,2000
20:02:59:%N,3222,4860,2000
20:02:59:%N,3840,2835,2000
20:02:59:%N,3195,4950,2000
20:02:59:%N,3140,5130,2000
20:02:59:%N,3469,4050,2000
20:02:59:%N,3167,5040,2000
20:02:59:%N,2975,5670,2000
20:02:59:%N,3360,4410,2000
20:03:00:%N,3511,3915,2000
20:03:00:%N,2948,5760,2000
20:03:00:%N,3181,4995,2000
20:03:00:%N,2934,5805,2000
20:03:00:%N,3401,4275,2000
20:03:00:%N,2810,6210,2000
20:03:00:%N,3456,4950,2000
20:03:00:%N,4074,2070,2000
20:03:00:%N,3909,2610,2000
20:03:00:%N,3112,5220,2000
20:03:01:%N,3456,4095,2000
20:03:01:%N,2947,4770,2000
20:03:01:%N,3717,3240,2000
20:03:01:%N,3360,3915,2000
20:03:01:%N,3030,5490,2000
20:03:01:%N,3428,4185,2000
20:03:01:%N,3689,3330,2000
20:03:01:%N,3497,3960,2000
20:03:02:%N,3401,4275,2000
20:03:02:%N,3360,4410,2000
20:03:02:%N,3153,4725,2000
20:03:02:%N,3126,5175,2000
20:03:02:%N,3318,4545,2000
20:03:02:%N,3112,5220,2000
20:03:02:%N,2412,7515,2000
20:03:02:%N,3359,4410,2000
20:03:02:%N,2769,6345,2000
20:03:03:%N,3305,4590,2000
20:03:03:%N,3744,3150,2000
20:03:03:%N,3524,3870,2000
20:03:03:%N,2687,5130,2000
20:03:03:%N,3167,5040,2000
20:03:03:%N,3909,3555,2000
20:03:03:%N,3895,2655,2000
20:03:03:%N,3511,5670,2000
20:03:04:%N,3099,5265,2000
20:03:04:%N,3305,4725,2000
20:03:04:%N,3456,4095,2000
20:03:04:%N,3442,4140,2000
20:03:04:%N,3181,4995,2000
20:03:04:%N,2947,5760,2000
20:03:04:%N,3181,4995,2000
20:03:04:%N,3360,4410,2000
20:03:04:%N,3565,3735,2000
20:03:05:%N,3730,3195,2000
20:03:05:%N,2522,7155,2000
20:03:05:%N,3208,4905,2000
20:03:05:%N,3140,5130,2000
20:03:05:%N,3414,4230,2000
20:03:05:%N,3305,4590,2000
20:03:05:%N,2851,6075,2000
20:03:05:%N,3318,4545,2000
20:03:05:%N,3071,5355,2000
20:03:06:%N,3208,4905,2000
20:03:06:%N,2687,6615,2000
20:03:06:%N,3346,4455,2000
20:03:06:%N,3140,5130,2000
20:03:06:%N,3387,4320,2000
20:03:06:%N,2673,6660,2000
20:03:06:%N,3112,5220,2000
20:03:07:%N,3593,3645,2000
20:03:07:%N,2810,6210,2000
20:03:07:%N,3291,4635,2000
20:03:07:%N,3071,5355,2000
20:03:07:%N,3057,5400,2000
20:03:07:%N,3497,3960,2000
20:03:07:%N,3167,5040,2000
20:03:07:%N,3483,4005,2000
20:03:07:%N,3346,4455,2000
20:03:08:%N,3318,4545,2000
20:03:08:%N,3524,3870,2000
20:03:08:%N,3799,2970,2000
20:03:08:%N,3291,4635,2000
20:03:08:%N,2961,5715,2000
20:03:08:%N,3346,4455,2000
20:03:08:%N,3195,4950,2000
20:03:08:%N,3277,4680,2000
20:03:08:%N,3428,4185,2000
20:03:09:%N,3675,3645,2000
20:03:09:%N,3428,4185,2000
20:03:09:%N,3305,4590,2000
20:03:09:%N,3140,5130,2000
20:03:09:%N,3140,4590,2000
20:03:09:%N,3414,4230,2000
20:03:09:%N,3222,4860,2000
20:03:09:%N,3250,3735,2000
20:03:10:%N,2536,7110,2000
20:03:10:%N,3277,4680,2000
20:03:10:%N,3799,2970,2000
20:03:10:%N,3057,5400,2000
20:03:10:%N,3428,4185,2000
20:03:10:%N,4096,1620,2000
20:03:10:%N,3044,5310,2000
20:03:10:%N,3181,4995,2000
20:03:10:%N,3222,4860,2000
20:03:11:%N,3071,5355,2000
20:03:11:%N,3277,4680,2000
20:03:11:%N,3250,4770,2000
20:03:11:%N,3538,3825,2000
20:03:11:%N,3154,5085,2000
20:03:11:%N,3332,4500,2000
20:03:11:%N,2851,6075,2000
20:03:11:%N,3181,4995,2000
20:03:12:%N,3222,3510,2000
20:03:12:%N,3977,2385,2000
20:03:12:%N,3250,5490,2000
20:03:12:%N,3126,5175,2000
20:03:12:%N,3277,4680,2000
20:03:12:%N,3181,4995,2000
20:03:12:%N,3126,5175,2000
20:03:12:%N,3373,4365,2000
20:03:12:%N,3250,4770,2000
20:03:13:%N,3236,4815,2000
20:03:13:%N,3497,3960,2000
20:03:13:%N,3772,3060,2000
20:03:13:%N,2961,5715,2000
20:03:13:%N,3208,4905,2000
20:03:13:%N,3318,4545,2000
20:03:13:%N,3291,4635,2000
20:03:13:%N,2961,5715,2000
20:03:14:%N,3263,4725,2000
20:03:14:%N,3291,4635,2000
20:03:14:%N,3291,4635,2000
20:03:14:%N,3167,5040,2000
20:03:14:%N,3195,4905,2000
20:03:14:%N,3305,4590,2000
20:03:14:%N,3263,4725,2000
20:03:14:%N,3208,4905,2000
20:03:14:%N,3236,4815,2000
20:03:15:%N,3305,4275,2000
20:03:15:%N,2906,5895,2000
20:03:15:%N,3305,4590,2000
20:03:15:%N,2893,5940,2000
20:03:15:%N,3868,2745,2000
20:03:15:%N,2906,5895,2000
20:03:15:%N,3153,5085,2000
20:03:15:%N,3305,4590,2000
20:03:15:%N,3291,4635,2000
20:03:16:%N,3305,4590,2000
20:03:16:%N,3469,4050,2000
20:03:16:%N,3566,3735,2000
20:03:16:%N,3126,5175,2000
20:03:16:%N,3744,3150,2000
20:03:16:%N,3758,3105,2000
20:03:16:%N,3195,4950,2000
20:03:16:%N,3208,4905,2000
20:03:17:%N,3497,3960,2000
20:03:17:%N,3579,3690,2000
20:03:17:%N,3167,5040,2000
20:03:17:%N,3277,4680,2000
20:03:17:%N,3387,4320,2000
20:03:17:%N,3360,4410,2000
20:03:17:%N,2920,5850,2000
20:03:17:%N,3359,4410,2000
20:03:17:%N,3305,4590,2000
20:03:18:%N,3305,4590,2000
20:03:18:%N,3305,4590,2000
20:03:18:%N,3277,4680,2000
20:03:18:%N,3387,4320,2000
20:03:18:%N,3167,5040,2000
20:03:18:%N,3277,4680,2000
20:03:18:%N,3071,4635,2000
20:03:18:%N,3607,3600,2000
20:03:18:%N,3456,4095,2000
20:03:19:%N,3195,4950,2000
20:03:19:%N,3208,4905,2000
20:03:19:%N,3195,4950,2000
20:03:19:%N,2742,6435,2000
20:03:19:%N,3167,5040,2000
20:03:19:%N,2989,5625,2000
20:03:19:%N,3195,2790,2000
20:03:19:%N,3057,5400,2000
20:03:20:%N,3126,5175,2000
20:03:20:%N,3263,4725,2000
20:03:20:%N,3318,4545,2000
20:03:20:%N,2947,5760,2000
20:03:20:%N,Invalid RPMsg file Exiting...,Invalid RPMsg file Exiting...,Invalid RPMsg file Exiting...
20:03:20:%N,4096,0,2000
20:03:21:%N,2508,7200,2000
20:03:21:%N,3153,5085,2000
20:03:21:%N,3140,5130,2000
20:03:21:%N,3469,4050,2000
20:03:21:%N,3634,3510,2000
20:03:21:%N,3318,4545,2000
20:03:21:%N,3126,5175,2000
20:03:21:%N,3126,5175,2000
20:03:21:%N,2838,6120,2000
20:03:22:%N,3538,3825,2000
20:03:22:%N,3772,3105,2000
20:03:22:%N,2810,6210,2000
20:03:22:%N,3140,5130,2000
20:03:22:%N,3291,4635,2000
20:03:22:%N,3208,4905,2000
20:03:22:%N,3140,5130,2000
20:03:22:%N,3126,5175,2000
20:03:22:%N,3208,4905,2000
20:03:23:%N,3140,5130,2000
20:03:23:%N,2920,5850,2000
20:03:23:%N,3373,4365,2000
20:03:23:%N,3222,4680,2000
20:03:23:%N,3195,4950,2000
20:03:23:%N,3305,4590,2000
20:03:23:%N,2934,4725,2000
20:03:23:%N,3359,4410,2000
20:03:24:%N,3291,4635,2000
20:03:24:%N,3291,4635,2000
20:03:24:%N,3332,4500,2000
20:03:24:%N,3153,5085,2000
20:03:24:%N,3085,5310,2000
20:03:24:%N,3263,4725,2000
20:03:24:%N,3332,4500,2000
20:03:24:%N,3263,4725,2000
20:03:24:%N,3030,4680,2000
20:03:25:%N,3277,4680,2000
20:03:25:%N,3236,4815,2000
20:03:25:%N,3222,4860,2000
20:03:25:%N,3140,5130,2000
20:03:25:%N,3332,4500,2000
20:03:25:%N,3002,5580,2000
20:03:25:%N,3318,4545,2000
20:03:25:%N,3181,4995,2000
20:03:26:%N,3332,4500,2000
20:03:26:%N,3236,4815,2000
20:03:26:%N,3305,4590,2000
20:03:26:%N,3167,5040,2000
20:03:26:%N,3208,4905,2000
20:03:26:%N,3291,4635,2000
20:03:26:%N,3332,4500,2000
20:03:26:%N,3236,4815,2000
20:03:26:%N,3401,4275,2000
20:03:26:%N,3153,4725,2000
20:03:27:%N,3346,4455,2000
20:03:27:%N,3524,3870,2000
20:03:27:%N,3099,5265,2000
20:03:27:%N,3140,5130,2000
20:03:27:%N,3318,4545,2000
20:03:27:%N,3126,5175,2000
20:03:27:%N,2851,6075,2000
20:03:27:%N,3442,4140,2000
20:03:28:%N,2810,6210,2000
20:03:28:%N,3456,4095,2000
20:03:28:%N,3538,3825,2000
20:03:28:%N,3291,4635,2000
20:03:28:%N,3401,4275,2000
20:03:28:%N,3593,5490,2000
20:03:28:%N,3332,4500,2000
20:03:28:%N,2838,6120,2000
20:03:28:%N,3236,4815,2000
20:03:29:%N,3291,4635,2000
20:03:29:%N,2412,7515,2000
20:03:29:%N,3373,4365,2000
20:03:29:%N,3044,4230,2000
20:03:29:%N,3250,4770,2000
20:03:29:%N,3181,4995,2000
20:03:29:%N,3112,5220,2000
20:03:29:%N,3332,4500,2000
20:03:30:%N,2961,4680,2000
20:03:30:%N,3071,5355,2000
20:03:30:%N,3140,5130,2000
20:03:30:%N,3208,4905,2000
20:03:30:%N,3126,4365,2000
20:03:30:%N,3456,4095,2000
20:03:30:%N,3511,3915,2000
20:03:30:%N,3195,4950,2000
20:03:31:%N,3154,5085,2000
20:03:31:%N,3401,4275,2000
20:03:31:%N,2755,6390,2000
20:03:31:%N,3401,4770,2000
20:03:31:%N,3305,4590,2000
20:03:31:%N,3181,4995,2000
20:03:31:%N,2975,5670,2000
20:03:31:%N,3277,4680,2000
20:03:31:%N,3305,4590,2000
20:03:32:%N,3099,5265,2000
20:03:32:%N,3222,4860,2000
20:03:32:%N,3332,4500,2000
20:03:32:%N,2989,5625,2000
20:03:32:%N,3359,4410,2000
20:03:32:%N,3154,5400,2000
20:03:32:%N,3332,4500,2000
20:03:32:%N,3305,4590,2000
20:03:33:%N,3428,4185,2000
20:03:33:%N,3167,5040,2000
20:03:33:%N,3318,4545,2000
20:03:33:%N,3387,4320,2000
20:03:33:%N,2879,5985,2000
20:03:33:%N,3263,4725,2000
20:03:33:%N,3360,4410,2000
20:03:33:%N,2865,6030,2000
20:03:33:%N,3346,4455,2000
20:03:34:%N,3071,5355,2000
20:03:34:%N,3373,4365,2000
20:03:34:%N,2865,6030,2000
20:03:34:%N,3181,4995,2000
20:03:34:%N,2920,5850,2000
20:03:34:%N,3291,4635,2000
20:03:34:%N,3099,5265,2000
20:03:34:%N,3208,4905,2000
20:03:34:%N,3511,3915,2000
20:03:35:%N,2934,5805,2000
20:03:35:%N,3373,5625,2000
20:03:35:%N,3167,5040,2000
20:03:35:%N,2879,4860,2000
20:03:35:%N,3222,4860,2000
20:03:35:%N,2975,4815,2000
20:03:35:%N,3332,4500,2000
20:03:35:%N,3263,4905,2000
20:03:36:%N,3414,4230,2000
20:03:36:%N,3250,4770,2000
20:03:36:%N,3277,4680,2000
20:03:36:%N,3387,4320,2000
20:03:36:%N,2769,6345,2000
20:03:36:%N,3126,5175,2000
20:03:36:%N,3305,4590,2000
20:03:36:%N,3387,4320,2000
20:03:36:%N,3291,4635,2000
20:03:37:%N,3318,4545,2000
20:03:37:%N,3250,4770,2000
20:03:37:%N,3250,4770,2000
20:03:37:%N,3126,5175,2000
20:03:37:%N,3277,4680,2000
20:03:37:%N,3085,5310,2000
20:03:37:%N,3208,5130,2000
20:03:37:%N,3195,4950,2000
20:03:38:%N,3057,5400,2000
20:03:38:%N,3373,4365,2000
20:03:38:%N,3497,5580,2000
20:03:38:%N,3263,4725,2000
20:03:38:%N,3263,4725,2000
20:03:38:%N,3222,4860,2000
20:03:38:%N,3236,4815,2000
20:03:38:%N,3195,4950,2000
20:03:38:%N,3167,5040,2000
20:03:39:%N,3016,5535,2000
20:03:39:%N,3318,4545,2000
20:03:39:%N,3126,5175,2000
20:03:39:%N,2989,5625,2000
20:03:39:%N,3277,4680,2000
20:03:39:%N,3332,4500,2000
20:03:39:%N,2838,4635,2000
20:03:39:%N,3181,4995,2000
20:03:39:%N,3181,4950,2000
20:03:40:%N,3332,4500,2000
20:03:40:%N,3263,5220,2000
20:03:40:%N,3332,4500,2000
20:03:40:%N,3222,4860,2000
20:03:40:%N,3305,4590,2000
20:03:40:%N,3373,4365,2000
20:03:40:%N,3401,4275,2000
20:03:40:%N,3250,4770,2000
20:03:41:%N,3222,4860,2000
20:03:41:%N,3305,4590,2000
20:03:41:%N,3291,4635,2000
20:03:41:%N,3305,4590,2000
20:03:41:%N,3250,4770,2000
20:03:41:%N,3153,4770,2000
20:03:41:%N,3524,3870,2000
20:03:41:%N,3181,4995,2000
20:03:41:%N,3222,4860,2000
20:03:42:%N,3318,3870,2000
20:03:42:%N,3414,4230,2000
20:03:42:%N,3401,4275,2000
20:03:42:%N,3236,4815,2000
20:03:42:%N,3236,4815,2000
20:03:42:%N,3099,5265,2000
20:03:42:%N,3291,4635,2000
20:03:42:%N,3002,4635,2000
20:03:43:%N,3305,4590,2000
20:03:43:%N,3195,4950,2000
20:03:43:%N,3277,4680,2000
20:03:43:%N,3250,4770,2000
20:03:43:%N,3318,4545,2000
20:03:43:%N,3167,5040,2000
20:03:43:%N,3195,4950,2000
20:03:43:%N,3181,4995,2000
20:03:43:%N,3195,4950,2000
20:03:44:%N,3250,4770,2000
20:03:44:%N,3263,4725,2000
20:03:44:%N,3291,4635,2000
20:03:44:%N,3332,4500,2000
20:03:44:%N,3208,4905,2000
20:03:44:%N,3456,5040,2000
20:03:44:%N,3277,4680,2000
20:03:44:%N,3222,4860,2000
20:03:44:%N,3263,4725,2000
20:03:45:%N,3360,4410,2000
20:03:45:%N,3346,4455,2000
20:03:45:%N,3071,5355,2000
20:03:45:%N,3099,5265,2000
20:03:45:%N,3305,4590,2000
20:03:45:%N,3373,4365,2000
20:03:45:%N,3236,4815,2000
20:03:45:%N,3263,4725,2000
20:03:46:%N,3318,4545,2000
20:03:46:%N,3346,4455,2000
20:03:46:%N,3277,4680,2000
20:03:46:%N,3250,4770,2000
20:03:46:%N,3305,4590,2000
20:03:46:%N,3291,4635,2000
20:03:46:%N,3305,4590,2000
20:03:46:%N,3154,5085,2000
20:03:46:%N,3291,4635,2000
20:03:47:%N,3195,4545,2000
20:03:47:%N,3346,4455,2000
20:03:47:%N,3181,4995,2000
20:03:47:%N,3291,4635,2000
20:03:47:%N,3208,4815,2000
20:03:47:%N,3250,4770,2000
20:03:47:%N,3305,4590,2000
20:03:47:%N,3332,4500,2000
20:03:48:%N,3181,4995,2000
20:03:48:%N,3236,4815,2000
20:03:48:%N,3318,4545,2000
20:03:48:%N,3195,4950,2000
20:03:48:%N,3291,4635,2000
20:03:48:%N,3085,5310,2000
20:03:48:%N,3346,4455,2000
20:03:48:%N,3305,4590,2000
20:03:48:%N,3236,4815,2000
20:03:49:%N,3318,4545,2000
20:03:49:%N,3360,4410,2000
20:03:49:%N,3140,5130,2000
20:03:49:%N,3291,5040,2000
20:03:49:%N,3277,4680,2000
