20:10:15:%N,2458,1980,2000
20:10:15:%N,2446,2025,2000
20:10:16:%N,2440,2025,2000
20:10:16:%N,2454,1980,2000
20:10:16:%N,2478,1935,2000
20:10:16:%N,2456,2025,2000
20:10:16:%N,2451,2025,2000
20:10:16:%N,2467,1980,2000
20:10:16:%N,2456,2025,2000
20:10:16:%N,2451,2025,2000
20:10:16:%N,2484,1935,2000
20:10:17:%N,2499,1980,2000
20:10:17:%N,2491,1980,2000
20:10:17:%N,2496,1980,2000
20:10:17:%N,2500,1980,2000
20:10:17:%N,2484,2025,2000
20:10:17:%N,2494,1980,2000
20:10:17:%N,2515,1935,2000
20:10:17:%N,2493,2025,2000
20:10:17:%N,2507,1980,2000
20:10:17:%N,2512,1980,2000
20:10:18:%N,2510,2025,2000
20:10:18:%N,2521,1980,2000
20:10:18:%N,2526,1980,2000
20:10:18:%N,2511,2025,2000
20:10:18:%N,2514,2025,2000
20:10:18:%N,2525,1980,2000
20:10:18:%N,2530,1980,2000
20:10:18:%N,2534,1980,2000
20:10:18:%N,2539,1980,2000
20:10:18:%N,2543,1980,2000
20:10:19:%N,2532,2025,2000
20:10:19:%N,2527,2025,2000
20:10:19:%N,2542,1980,2000
20:10:19:%N,2547,1980,2000
20:10:19:%N,2535,2025,2000
20:10:19:%N,2530,2025,2000
20:10:19:%N,2540,1980,2000
20:10:19:%N,2545,1980,2000
20:10:19:%N,2531,2025,2000
20:10:20:%N,2526,2025,2000
20:10:20:%N,2544,1980,2000
20:10:20:%N,2531,2025,2000
20:10:20:%N,2526,2025,2000
20:10:20:%N,2536,1980,2000
20:10:20:%N,2540,1980,2000
20:10:20:%N,2545,1980,2000
20:10:20:%N,2530,2025,2000
20:10:20:%N,2526,1935,2000
20:10:21:%N,2551,1980,2000
20:10:21:%N,2540,2025,2000
20:10:21:%N,2553,1980,2000
20:10:21:%N,2538,2025,2000
20:10:21:%N,2541,2025,2000
20:10:21:%N,2536,2025,2000
20:10:21:%N,2531,2025,2000
20:10:21:%N,2546,1980,2000
20:10:21:%N,2536,2025,2000
20:10:21:%N,2549,1980,2000
20:10:22:%N,2553,1980,2000
20:10:22:%N,2558,2025,2000
20:10:22:%N,2555,1980,2000
20:10:22:%N,2561,1980,2000
20:10:22:%N,2566,2025,2000
20:10:22:%N,2548,2025,2000
20:10:22:%N,2560,1980,2000
20:10:22:%N,2565,1980,2000
20:10:22:%N,2556,2025,2000
20:10:23:%N,2551,2025,2000
20:10:23:%N,2564,1980,2000
20:10:23:%N,2568,1980,2000
20:10:23:%N,2573,1980,2000
20:10:23:%N,2562,1980,2000
20:10:23:%N,2567,1980,2000
20:10:23:%N,2554,2025,2000
20:10:23:%N,2549,2025,2000
20:10:23:%N,2559,1980,2000
20:10:23:%N,2564,1980,2000
20:10:24:%N,2569,1980,2000
20:10:24:%N,2552,1980,2000
20:10:24:%N,2571,1980,2000
20:10:24:%N,2576,1980,2000
20:10:24:%N,2560,2025,2000
20:10:24:%N,2571,1980,2000
20:10:24:%N,2595,1935,2000
20:10:24:%N,2568,2025,2000
20:10:24:%N,2563,2025,2000
20:10:25:%N,2558,2025,2000
20:10:25:%N,2572,1980,2000
20:10:25:%N,2576,1980,2000
20:10:25:%N,2560,2025,2000
20:10:25:%N,2563,2025,2000
20:10:25:%N,2575,1980,2000
20:10:25:%N,2579,1980,2000
20:10:25:%N,2547,2070,2000
20:10:25:%N,2553,2025,2000
20:10:25:%N,2569,1980,2000
20:10:26:%N,2560,2025,2000
20:10:26:%N,2571,1980,2000
20:10:26:%N,2576,1980,2000
20:10:26:%N,Invalid RPMsg file Exiting...,Invalid RPMsg file Exiting...,Invalid RPMsg file Exiting...
20:10:26:%N,4096,2520,2000
20:10:26:%N,2990,5625,2000
20:10:27:%N,2282,5490,2000
20:10:27:%N,1772,4950,2000
20:10:27:%N,1602,3780,2000
20:10:27:%N,1431,3150,2000
20:10:27:%N,1404,2160,2000
20:10:27:%N,1655,1710,2000
20:10:27:%N,1849,1395,2000
20:10:27:%N,2102,1125,2000
20:10:27:%N,2326,1035,2000
20:10:28:%N,2483,1170,2000
20:10:28:%N,2554,1440,2000
20:10:28:%N,2585,1665,2000
20:10:28:%N,2577,1845,2000
20:10:28:%N,2570,1935,2000
20:10:28:%N,2548,2025,2000
20:10:28:%N,2560,1980,2000
20:10:28:%N,2565,1980,2000
20:10:28:%N,2556,2025,2000
20:10:28:%N,2567,1980,2000
20:10:29:%N,2554,2025,2000
20:10:29:%N,2590,2025,2000
20:10:29:%N,2574,1980,2000
20:10:29:%N,2562,2025,2000
20:10:29:%N,2577,1980,2000
20:10:29:%N,2574,1980,2000
20:10:29:%N,2579,1980,2000
20:10:29:%N,2564,2025,2000
20:10:29:%N,2567,2025,2000
20:10:30:%N,2578,1980,2000
20:10:30:%N,2583,1980,2000
20:10:30:%N,2587,1980,2000
20:10:30:%N,2572,2025,2000
20:10:30:%N,2568,1980,2000
20:10:30:%N,2585,1980,2000
20:10:30:%N,2590,1980,2000
20:10:30:%N,2576,2025,2000
20:10:30:%N,2571,2025,2000
20:10:30:%N,2582,1980,2000
20:10:31:%N,2569,2025,2000
20:10:31:%N,2584,1980,2000
20:10:31:%N,2575,2025,2000
20:10:31:%N,2586,1980,2000
20:10:31:%N,2572,2025,2000
20:10:31:%N,2581,1980,2000
20:10:31:%N,2569,2025,2000
20:10:31:%N,2584,1980,2000
20:10:31:%N,2574,2025,2000
20:10:32:%N,2587,1980,2000
20:10:32:%N,2572,2025,2000
20:10:32:%N,2589,2025,2000
20:10:32:%N,2585,1980,2000
20:10:32:%N,2573,2025,2000
20:10:32:%N,2588,1980,2000
20:10:32:%N,2579,2025,2000
20:10:32:%N,2574,2025,2000
20:10:32:%N,2588,1980,2000
20:10:33:%N,2595,1980,2000
20:10:33:%N,2577,2025,2000
20:10:33:%N,2590,1980,2000
20:10:33:%N,2595,1980,2000
20:10:33:%N,2585,1980,2000
20:10:33:%N,2590,1980,2000
20:10:33:%N,2595,1980,2000
20:10:33:%N,2593,1980,2000
20:10:33:%N,2581,2025,2000
20:10:34:%N,2595,1980,2000
20:10:34:%N,2579,2025,2000
20:10:34:%N,2589,1980,2000
20:10:34:%N,2594,1980,2000
20:10:34:%N,2580,2025,2000
20:10:34:%N,2589,1980,2000
20:10:34:%N,2594,1980,2000
20:10:34:%N,2598,1980,2000
20:10:34:%N,2583,2025,2000
20:10:35:%N,2579,1980,2000
20:10:35:%N,2597,1980,2000
20:10:35:%N,2585,2025,2000
20:10:35:%N,2580,2025,2000
20:10:35:%N,2575,2025,2000
20:10:35:%N,2585,1980,2000
20:10:35:%N,2590,1980,2000
20:10:35:%N,2595,1980,2000
20:10:35:%N,2578,2025,2000
20:10:35:%N,2590,1980,2000
20:10:36:%N,2576,2025,2000
20:10:36:%N,2585,1980,2000
20:10:36:%N,2590,1980,2000
20:10:36:%N,2595,1980,2000
20:10:36:%N,2593,1980,2000
20:10:36:%N,2580,2025,2000
20:10:36:%N,2596,1980,2000
20:10:36:%N,2586,2025,2000
20:10:36:%N,2582,2025,2000
20:10:37:%N,2594,1980,2000
20:10:37:%N,2599,1980,2000
20:10:37:%N,2582,2025,2000
20:10:37:%N,2593,1980,2000
20:10:37:%N,2598,1980,2000
20:10:37:%N,2583,2025,2000
20:10:37:%N,2579,2025,2000
20:10:37:%N,2596,1980,2000
20:10:37:%N,2601,1980,2000
20:10:38:%N,2587,2025,2000
20:10:38:%N,2596,1980,2000
20:10:38:%N,2584,2025,2000
20:10:38:%N,2579,2025,2000
20:10:38:%N,2582,2025,2000
20:10:38:%N,2594,1980,2000
20:10:38:%N,2599,1980,2000
20:10:38:%N,2582,1980,2000
20:10:38:%N,2585,2025,2000
20:10:39:%N,2598,1980,2000
20:10:39:%N,2583,2025,2000
20:10:39:%N,2593,1980,2000
20:10:39:%N,2598,1980,2000
20:10:39:%N,2584,2025,2000
20:10:39:%N,2599,1980,2000
20:10:39:%N,2590,2025,2000
20:10:39:%N,2585,2025,2000
20:10:39:%N,2598,1980,2000
20:10:39:%N,2583,2025,2000
20:10:40:%N,2579,1980,2000
20:10:40:%N,2597,1980,2000
20:10:40:%N,2584,2025,2000
20:10:40:%N,2579,2025,2000
20:10:40:%N,2597,1980,2000
20:10:40:%N,2601,1980,2000
20:10:40:%N,2587,2025,2000
20:10:40:%N,2596,1980,2000
20:10:40:%N,2584,2025,2000
20:10:41:%N,2579,2025,2000
20:10:41:%N,2589,1980,2000
20:10:41:%N,2594,1980,2000
20:10:41:%N,2598,1980,2000
20:10:41:%N,2583,2025,2000
20:10:41:%N,2586,2025,2000
20:10:41:%N,2597,1980,2000
20:10:41:%N,2583,2025,2000
20:10:41:%N,2600,2025,2000
20:10:42:%N,2597,1980,2000
20:10:42:%N,2584,2025,2000
20:10:42:%N,2598,1980,2000
20:10:42:%N,2562,2070,2000
20:10:42:%N,2592,1980,2000
20:10:42:%N,2597,1980,2000
20:10:42:%N,2562,2070,2000
20:10:42:%N,2514,2160,2000
20:10:42:%N,2687,1665,2000
20:10:43:%N,3627,0,2000
20:10:43:%N,4096,0,2000
20:10:43:%N,4096,0,2000
20:10:43:%N,4096,0,2000
20:10:43:%N,4096,0,2000
20:10:43:%N,4096,0,2000
20:10:43:%N,4096,0,2000
20:10:43:%N,4096,0,2000
20:10:43:%N,4096,135,2000
20:10:44:%N,4096,5715,2000
20:10:44:%N,4074,6075,2000
20:10:44:%N,3098,6210,2000
20:10:44:%N,2265,5355,2000
20:10:44:%N,1913,4680,2000
20:10:44:%N,1548,4095,2000
20:10:44:%N,1356,3510,2000
20:10:44:%N,1459,2430,2000
20:10:44:%N,1508,2025,2000
20:10:44:%N,1670,1620,2000
20:10:45:%N,1912,1170,2000
20:10:45:%N,2204,1035,2000
20:10:45:%N,2426,1080,2000
20:10:45:%N,2491,1485,2000
20:10:45:%N,2527,1710,2000
20:10:45:%N,2554,1800,2000
20:10:45:%N,2508,1980,2000
20:10:45:%N,2513,1980,2000
20:10:45:%N,2517,1980,2000
20:10:46:%N,2501,2025,2000
20:10:46:%N,2512,1980,2000
20:10:46:%N,2516,1980,2000
20:10:46:%N,2521,1980,2000
20:10:46:%N,2506,2025,2000
20:10:46:%N,2515,1980,2000
20:10:46:%N,2536,1935,2000
20:10:46:%N,2532,1980,2000
20:10:46:%N,2537,1980,2000
20:10:47:%N,2563,1980,2000
20:10:47:%N,2538,2025,2000
20:10:47:%N,2533,2025,2000
20:10:47:%N,2535,2025,2000
20:10:47:%N,2547,1980,2000
20:10:47:%N,2533,2025,2000
20:10:47:%N,2550,1980,2000
20:10:47:%N,2571,1935,2000
20:10:47:%N,2548,2025,2000
20:10:48:%N,2564,1980,2000
20:10:48:%N,2569,1980,2000
20:10:48:%N,2574,1980,2000
20:10:48:%N,2579,1980,2000
20:10:48:%N,2570,2025,2000
20:10:48:%N,2564,2025,2000
20:10:48:%N,2560,2025,2000
20:10:48:%N,2576,1980,2000
20:10:48:%N,2580,1980,2000
20:10:48:%N,2585,1980,2000
20:10:49:%N,2590,1980,2000
20:10:49:%N,2574,1980,2000
20:10:49:%N,2593,1980,2000
20:10:49:%N,2598,1980,2000
20:10:49:%N,2595,1980,2000
20:10:49:%N,2584,2025,2000
20:10:49:%N,2579,2025,2000
20:10:49:%N,2595,2025,2000
20:10:49:%N,2592,1980,2000
20:10:50:%N,2597,1980,2000
20:10:50:%N,2582,2025,2000
20:10:50:%N,2592,1980,2000
20:10:50:%N,2597,1980,2000
20:10:50:%N,2602,1980,2000
20:10:50:%N,2585,1980,2000
20:10:50:%N,2603,1980,2000
20:10:50:%N,2592,2025,2000
20:10:50:%N,2587,2025,2000
20:10:51:%N,2582,2025,2000
20:10:51:%N,2599,2025,2000
20:10:51:%N,2580,2025,2000
20:10:51:%N,2593,1980,2000
20:10:51:%N,2579,2025,2000
20:10:51:%N,2574,1980,2000
20:10:51:%N,2592,1980,2000
20:10:51:%N,2598,1980,2000
20:10:51:%N,2589,2025,2000
20:10:52:%N,2584,2025,2000
20:10:52:%N,2598,1980,2000
20:10:52:%N,2603,1980,2000
20:10:52:%N,2592,2025,2000
20:10:52:%N,2587,2025,2000
20:10:52:%N,2582,2025,2000
20:10:52:%N,2585,2025,2000
20:10:52:%N,2597,1980,2000
20:10:52:%N,2582,2025,2000
20:10:52:%N,2598,2025,2000
20:10:53:%N,2595,1980,2000
20:10:53:%N,2584,2025,2000
20:10:53:%N,2580,2025,2000
20:10:53:%N,2593,1980,2000
20:10:53:%N,2598,1980,2000
20:10:53:%N,2588,2025,2000
20:10:53:%N,2583,2025,2000
20:10:53:%N,2598,1980,2000
20:10:53:%N,2589,2025,2000
20:10:54:%N,2584,2025,2000
20:10:54:%N,2598,1980,2000
20:10:54:%N,2602,1980,2000
20:10:54:%N,2576,2070,2000
20:10:54:%N,2597,1980,2000
20:10:54:%N,2589,2025,2000
20:10:54:%N,2583,2025,2000
20:10:54:%N,2598,2025,2000
20:10:54:%N,2596,1980,2000
20:10:55:%N,2583,2025,2000
20:10:55:%N,2598,1980,2000
20:10:55:%N,2602,1980,2000
20:10:55:%N,2592,2025,2000
20:10:55:%N,2587,2025,2000
20:10:55:%N,2602,1980,2000
20:10:55:%N,2599,1980,2000
20:10:55:%N,2588,2025,2000
20:10:55:%N,2583,2025,2000
20:10:55:%N,2597,1980,2000
20:10:56:%N,2602,2025,2000
20:10:56:%N,2600,1980,2000
20:10:56:%N,2586,2025,2000
20:10:56:%N,2595,1980,2000
20:10:56:%N,2600,1980,2000
20:10:56:%N,2586,2025,2000
20:10:56:%N,2595,1980,2000
20:10:56:%N,2600,1980,2000
20:10:56:%N,2586,2025,2000
20:10:57:%N,2581,2025,2000
20:10:57:%N,2592,1980,2000
20:10:57:%N,2597,1980,2000
20:10:57:%N,2582,2025,2000
20:10:57:%N,2598,1980,2000
20:10:57:%N,Invalid RPMsg file Exiting...,Invalid RPMsg file Exiting...,Invalid RPMsg file Exiting...
20:10:58:%N,4096,0,2000
20:10:58:%N,3862,4950,2000
20:10:58:%N,2686,5355,2000
20:10:58:%N,2177,4860,2000
20:10:58:%N,1777,4320,2000
20:10:58:%N,1550,3690,2000
20:10:58:%N,1443,3105,2000
20:10:58:%N,1593,2160,2000
20:10:58:%N,1739,1710,2000
20:10:58:%N,1981,1170,2000
20:10:59:%N,2257,1125,2000
20:10:59:%N,2455,1125,2000
20:10:59:%N,2547,1485,2000
20:10:59:%N,2563,1665,2000
20:10:59:%N,2568,1845,2000
20:10:59:%N,2565,1935,2000
20:10:59:%N,2575,1980,2000
20:10:59:%N,2581,1980,2000
20:10:59:%N,2585,1980,2000
20:11:00:%N,2590,1980,2000
20:11:00:%N,2578,2025,2000
20:11:00:%N,2592,1980,2000
20:11:00:%N,2597,1980,2000
20:11:00:%N,2594,1980,2000
20:11:00:%N,2600,1980,2000
20:11:00:%N,2605,2025,2000
20:11:00:%N,2587,2025,2000
20:11:00:%N,2599,1980,2000
20:11:01:%N,2584,2025,2000
20:11:01:%N,2594,1980,2000
20:11:01:%N,2599,1980,2000
20:11:01:%N,2584,2025,2000
20:11:01:%N,2594,1980,2000
20:11:01:%N,2600,1980,2000
20:11:01:%N,2584,2025,2000
20:11:01:%N,2595,1980,2000
20:11:01:%N,2599,1980,2000
20:11:02:%N,2604,1980,2000
20:11:02:%N,2579,2025,2000
20:11:02:%N,3156,495,2000
20:11:02:%N,3707,0,2000
20:11:02:%N,4096,0,2000
20:11:02:%N,4096,0,2000
20:11:02:%N,4096,0,2000
20:11:02:%N,4096,0,2000
20:11:02:%N,4096,0,2000
20:11:03:%N,4096,0,2000
20:11:03:%N,4096,0,2000
20:11:03:%N,4096,0,2000
20:11:03:%N,4096,0,2000
20:11:03:%N,4096,0,2000
20:11:03:%N,4096,5490,2000
20:11:03:%N,4096,6075,2000
20:11:03:%N,4096,6210,2000
20:11:03:%N,3676,6210,2000
20:11:04:%N,2831,5940,2000
20:11:04:%N,2125,5400,2000
20:11:04:%N,1848,4095,2000
20:11:04:%N,1535,3555,2000
20:11:04:%N,1435,2970,2000
20:11:04:%N,1610,2025,2000
20:11:04:%N,1750,1620,2000
20:11:04:%N,1940,1350,2000
20:11:04:%N,2181,1125,2000
20:11:05:%N,2392,1170,2000
20:11:05:%N,2537,1305,2000
20:11:05:%N,2616,1485,2000
20:11:05:%N,2561,1890,2000
20:11:05:%N,2536,2025,2000
20:11:05:%N,2531,2025,2000
20:11:05:%N,2526,1980,2000
20:11:05:%N,2544,1980,2000
20:11:05:%N,2569,1935,2000
20:11:06:%N,2585,1935,2000
20:11:06:%N,2583,1980,2000
20:11:06:%N,2589,1980,2000
20:11:06:%N,2608,1935,2000
20:11:06:%N,2589,2025,2000
20:11:06:%N,2603,1980,2000
20:11:06:%N,2630,2025,2000
20:11:06:%N,2614,1980,2000
20:11:06:%N,2600,2025,2000
20:11:07:%N,2616,2025,2000
20:11:07:%N,2613,1980,2000
20:11:07:%N,2601,2025,2000
20:11:07:%N,2615,1980,2000
20:11:07:%N,2619,1980,2000
20:11:07:%N,2602,2025,2000
20:11:07:%N,2597,2025,2000
20:11:07:%N,2592,2025,2000
20:11:07:%N,2587,1980,2000
20:11:07:%N,2605,1980,2000
20:11:08:%N,2593,2025,2000
20:11:08:%N,2629,1935,2000
20:11:08:%N,2605,2025,2000
20:11:08:%N,2600,2025,2000
20:11:08:%N,2616,1980,2000
20:11:08:%N,2621,1980,2000
20:11:08:%N,2607,2025,2000
20:11:08:%N,2601,2025,2000
20:11:09:%N,2596,2025,2000
20:11:09:%N,2611,1980,2000
20:11:09:%N,2595,2025,2000
20:11:09:%N,2605,1980,2000
20:11:09:%N,2592,2025,2000
20:11:09:%N,2608,2070,2000
20:11:09:%N,2598,1980,2000
20:11:09:%N,2620,1935,2000
20:11:09:%N,2615,1980,2000
20:11:09:%N,2599,1980,2000
20:11:10:%N,2617,1980,2000
20:11:10:%N,2622,1980,2000
20:11:10:%N,2607,2025,2000
20:11:10:%N,2617,1980,2000
20:11:10:%N,2622,1980,2000
20:11:10:%N,2606,2025,2000
20:11:10:%N,2617,1980,2000
20:11:10:%N,2622,1980,2000
20:11:10:%N,2627,1980,2000
20:11:11:%N,2609,2025,2000
20:11:11:%N,2622,1980,2000
20:11:11:%N,2627,1980,2000
20:11:11:%N,2616,2025,2000
20:11:11:%N,2611,2025,2000
20:11:11:%N,2606,2025,2000
20:11:11:%N,2617,1980,2000
20:11:11:%N,2605,2025,2000
20:11:11:%N,2600,2025,2000
20:11:12:%N,2595,2025,2000
20:11:12:%N,2598,2025,2000
20:11:12:%N,2610,1980,2000
20:11:12:%N,2594,2025,2000
20:11:12:%N,2541,2160,2000
20:11:12:%N,2595,1935,2000
20:11:12:%N,2609,1935,2000
20:11:12:%N,2604,1980,2000
20:11:13:%N,2625,1935,2000
20:11:13:%N,2622,1980,2000
20:11:13:%N,2590,2070,2000
20:11:13:%N,2611,1980,2000
20:11:13:%N,2616,1980,2000
20:11:13:%N,2620,1980,2000
20:11:13:%N,2625,1980,2000
20:11:13:%N,2611,2025,2000
20:11:14:%N,2606,2025,2000
20:11:14:%N,2617,1980,2000
20:11:14:%N,2623,1980,2000
20:11:14:%N,2620,1980,2000
20:11:14:%N,2609,2025,2000
20:11:14:%N,2604,2025,2000
20:11:14:%N,2618,1980,2000
20:11:14:%N,2623,1980,2000
20:11:14:%N,2605,2025,2000
20:11:14:%N,2618,1980,2000
20:11:15:%N,2623,1980,2000
20:11:15:%N,2628,1980,2000
20:11:15:%N,2615,2025,2000
20:11:15:%N,2611,2025,2000
20:11:15:%N,2613,2025,2000
20:11:15:%N,2625,1980,2000
20:11:15:%N,2630,1980,2000
20:11:15:%N,2628,1980,2000
20:11:15:%N,2597,2070,2000
20:11:16:%N,2623,1980,2000
20:11:16:%N,2628,1980,2000
20:11:16:%N,2615,2025,2000
20:11:16:%N,2611,2025,2000
20:11:16:%N,2627,1980,2000
20:11:16:%N,2632,1980,2000
20:11:16:%N,2619,2025,2000
20:11:16:%N,2614,2025,2000
20:11:16:%N,2631,2025,2000
20:11:17:%N,2613,2025,2000
20:11:17:%N,2625,1980,2000
20:11:17:%N,2630,1980,2000
20:11:17:%N,2634,1980,2000
20:11:17:%N,2617,2025,2000
20:11:17:%N,2629,1980,2000
20:11:17:%N,2614,2025,2000
20:11:17:%N,2617,2025,2000
20:11:17:%N,2629,1980,2000
20:11:18:%N,2634,1980,2000
20:11:18:%N,2617,2025,2000
20:11:18:%N,2594,2070,2000
20:11:18:%N,2619,1980,2000
20:11:18:%N,2624,1980,2000
20:11:18:%N,2612,2025,2000
20:11:18:%N,2626,1980,2000
20:11:18:%N,2610,1980,2000
20:11:18:%N,2628,1980,2000
20:11:18:%N,2633,1980,2000
20:11:19:%N,2618,2025,2000
20:11:19:%N,2634,2025,2000
20:11:19:%N,2632,1980,2000
20:11:19:%N,2619,2025,2000
20:11:19:%N,2615,2025,2000
20:11:19:%N,2630,1980,2000
20:11:19:%N,2613,2025,2000
20:11:19:%N,2625,1980,2000
20:11:19:%N,2630,1980,2000
20:11:20:%N,2613,2025,2000
20:11:20:%N,2625,1980,2000
20:11:20:%N,2630,2025,2000
20:11:20:%N,2628,1980,2000
20:11:20:%N,2615,2025,2000
20:11:20:%N,2630,1980,2000
20:11:20:%N,2620,2025,2000
20:11:20:%N,2615,2025,2000
20:11:20:%N,2630,1980,2000
20:11:21:%N,2628,1980,2000
20:11:21:%N,2633,1980,2000
20:11:21:%N,2618,2025,2000
20:11:21:%N,2614,1980,2000
20:11:21:%N,2616,2025,2000
20:11:21:%N,2629,1980,2000
20:11:21:%N,2614,2025,2000
20:11:21:%N,2631,1980,2000
20:11:21:%N,2619,2025,2000
20:11:22:%N,2633,1980,2000
20:11:22:%N,2617,2025,2000
20:11:22:%N,2628,1980,2000
20:11:22:%N,2633,1980,2000
20:11:22:%N,2631,1980,2000
20:11:22:%N,2619,2025,2000
20:11:22:%N,2634,1980,2000
20:11:22:%N,2608,2070,2000
20:11:22:%N,2629,1980,2000
20:11:23:%N,2634,1980,2000
20:11:23:%N,2617,2025,2000
20:11:23:%N,2594,2070,2000
20:11:23:%N,2618,1980,2000
20:11:23:%N,2623,1980,2000
20:11:23:%N,2612,2025,2000
20:11:23:%N,2625,1980,2000
20:11:23:%N,2630,1980,2000
20:11:23:%N,2620,2025,2000
20:11:24:%N,2632,1980,2000
20:11:24:%N,2637,1980,2000
20:11:24:%N,2621,2025,2000
20:11:24:%N,2678,1845,2000
20:11:24:%N,2608,2115,2000
20:11:24:%N,2582,1980,2000
20:11:24:%N,2596,2070,2000
20:11:24:%N,2598,2025,2000
20:11:24:%N,2593,2025,2000
20:11:25:%N,2618,1980,2000
20:11:25:%N,2623,1980,2000
20:11:25:%N,2608,2025,2000
20:11:25:%N,2626,1980,2000
20:11:25:%N,2631,1980,2000
20:11:25:%N,2615,2025,2000
20:11:25:%N,2625,1980,2000
20:11:25:%N,2630,1980,2000
20:11:25:%N,2634,1980,2000
20:11:25:%N,2620,2025,2000
20:11:26:%N,2629,1980,2000
20:11:26:%N,2634,1980,2000
20:11:26:%N,2620,2025,2000
20:11:26:%N,2596,2070,2000
20:11:26:%N,2625,2025,2000
20:11:26:%N,2622,1980,2000
20:11:26:%N,2627,1980,2000
20:11:26:%N,2632,1980,2000
20:11:26:%N,2607,2070,2000
20:11:27:%N,2627,1980,2000
20:11:27:%N,2612,2025,2000
20:11:27:%N,2621,1980,2000
20:11:27:%N,2627,1980,2000
20:11:27:%N,2632,1980,2000
20:11:27:%N,2614,2025,2000
20:11:27:%N,2627,1980,2000
20:11:27:%N,2632,1980,2000
20:11:27:%N,2615,2025,2000
20:11:28:%N,2626,1980,2000
20:11:28:%N,2631,1980,2000
20:11:28:%N,2636,2070,2000
20:11:28:%N,2626,1980,2000
20:11:28:%N,2631,1980,2000
20:11:28:%N,2636,1980,2000
20:11:28:%N,2633,1980,2000
20:11:28:%N,2637,1980,2000
20:11:28:%N,2624,2025,2000
20:11:29:%N,2639,1980,2000
20:11:29:%N,2629,1980,2000
20:11:29:%N,2634,1980,2000
20:11:29:%N,2639,1980,2000
20:11:29:%N,2622,2025,2000
20:11:29:%N,2634,1980,2000
20:11:29:%N,2639,1980,2000
20:11:29:%N,2622,2025,2000
20:11:29:%N,2634,1980,2000
20:11:30:%N,2639,1980,2000
20:11:30:%N,2614,2025,2000
20:11:30:%N,2609,2025,2000
20:11:30:%N,2624,1980,2000
20:11:30:%N,2628,1980,2000
20:11:30:%N,2618,2025,2000
20:11:30:%N,2613,2025,2000
20:11:30:%N,2627,1980,2000
20:11:30:%N,2632,1980,2000
20:11:30:%N,2637,1980,2000
20:11:31:%N,2624,2025,2000
20:11:31:%N,2639,1980,2000
20:11:31:%N,2622,2025,2000
20:11:31:%N,2618,2025,2000
20:11:31:%N,2631,1980,2000
20:11:31:%N,2594,2025,2000
20:11:31:%N,2618,1980,2000
20:11:31:%N,2624,1980,2000
20:11:31:%N,2629,1980,2000
20:11:32:%N,2617,2025,2000
20:11:32:%N,2631,1980,2000
20:11:32:%N,2636,1980,2000
20:11:32:%N,2625,2025,2000
20:11:32:%N,2620,2025,2000
20:11:32:%N,2636,1980,2000
20:11:32:%N,2625,2025,2000
20:11:32:%N,2602,2070,2000
20:11:32:%N,2587,2070,2000
20:11:33:%N,2617,1980,2000
20:11:33:%N,2573,2115,2000
20:11:33:%N,2622,1935,2000
20:11:33:%N,2616,1980,2000
20:11:33:%N,2638,1980,2000
20:11:33:%N,2627,2025,2000
20:11:33:%N,2622,2025,2000
20:11:33:%N,2638,1980,2000
20:11:33:%N,2610,2070,2000
20:11:34:%N,2633,1980,2000
20:11:34:%N,2638,2025,2000
20:11:34:%N,2619,2025,2000
20:11:34:%N,2633,1980,2000
20:11:34:%N,2638,1980,2000
20:11:34:%N,2627,2025,2000
20:11:34:%N,2621,2025,2000
20:11:34:%N,2624,2025,2000
20:11:34:%N,2635,1980,2000
20:11:35:%N,2622,2025,2000
20:11:35:%N,2637,1980,2000
20:11:35:%N,2621,1980,2000
20:11:35:%N,2639,1980,2000
20:11:35:%N,2626,2025,2000
20:11:35:%N,2622,2025,2000
20:11:35:%N,2638,1980,2000
20:11:35:%N,2628,2025,2000
20:11:35:%N,2639,1980,2000
20:11:35:%N,2626,2025,2000
20:11:36:%N,2641,2025,2000
20:11:36:%N,2639,1980,2000
20:11:36:%N,2625,2025,2000
20:11:36:%N,2628,2025,2000
20:11:36:%N,2639,1980,2000
20:11:36:%N,2625,2025,2000
20:11:36:%N,2642,1980,2000
20:11:36:%N,2631,2025,2000
20:11:36:%N,2644,1980,2000
20:11:37:%N,2628,2025,2000
20:11:37:%N,2639,1980,2000
20:11:37:%N,2626,2025,2000
20:11:37:%N,2621,2025,2000
20:11:37:%N,2624,2025,2000
20:11:37:%N,2636,1980,2000
20:11:37:%N,2641,1980,2000
20:11:37:%N,2624,1980,2000
20:11:37:%N,2642,1980,2000
20:11:38:%N,2647,1980,2000
20:11:38:%N,2614,2070,2000
20:11:38:%N,2641,1980,2000
20:11:38:%N,2631,2025,2000
20:11:38:%N,2644,1980,2000
20:11:38:%N,2628,2025,2000
20:11:38:%N,2639,1980,2000
20:11:38:%N,2644,1980,2000
20:11:38:%N,2642,1980,2000
20:11:39:%N,2630,2025,2000
20:11:39:%N,2645,1980,2000
20:11:39:%N,2627,2025,2000
20:11:39:%N,2622,2025,2000
20:11:39:%N,2637,1980,2000
20:11:39:%N,2628,2025,2000
20:11:39:%N,2623,2025,2000
20:11:39:%N,2636,1980,2000
20:11:39:%N,2641,1980,2000
20:11:40:%N,2631,2025,2000
20:11:40:%N,2627,2025,2000
20:11:40:%N,2640,1980,2000
20:11:40:%N,2644,1980,2000
20:11:40:%N,2622,2070,2000
20:11:40:%N,2639,1980,2000
20:11:40:%N,2644,1980,2000
20:11:40:%N,2621,2070,2000
20:11:40:%N,2639,1980,2000
20:11:40:%N,2644,1980,2000
20:11:41:%N,2642,1980,2000
20:11:41:%N,2630,2025,2000
20:11:41:%N,2644,1980,2000
20:11:41:%N,2642,1980,2000
20:11:41:%N,2630,2025,2000
20:11:41:%N,2645,1980,2000
20:11:41:%N,2635,2025,2000
20:11:41:%N,2630,2025,2000
20:11:41:%N,2644,1980,2000
20:11:42:%N,2628,2025,2000
20:11:42:%N,2638,1980,2000
20:11:42:%N,2643,1980,2000
20:11:42:%N,2629,2025,2000
20:11:42:%N,2625,2025,2000
20:11:42:%N,2598,2115,2000
20:11:42:%N,2608,2025,2000
20:11:42:%N,2638,1935,2000
20:11:42:%N,2632,1980,2000
20:11:43:%N,2637,1980,2000
20:11:43:%N,2642,1980,2000
20:11:43:%N,2647,1980,2000
20:11:43:%N,2653,2025,2000
20:11:43:%N,2634,2025,2000
20:11:43:%N,2648,1980,2000
20:11:43:%N,2632,2025,2000
20:11:43:%N,2642,1980,2000
20:11:43:%N,2630,2025,2000
20:11:44:%N,2645,1980,2000
20:11:44:%N,2642,1980,2000
20:11:44:%N,2647,1980,2000
20:11:44:%N,2632,2025,2000
20:11:44:%N,2642,1980,2000
20:11:44:%N,2631,2025,2000
20:11:44:%N,2643,1980,2000
20:11:44:%N,2629,2025,2000
20:11:44:%N,2645,1980,2000
20:11:44:%N,2634,2025,2000
20:11:45:%N,2629,2025,2000
20:11:45:%N,2645,1980,2000
20:11:45:%N,2635,2025,2000
20:11:45:%N,2647,1980,2000
20:11:45:%N,2632,2025,2000
20:11:45:%N,2635,2025,2000
20:11:45:%N,2630,2025,2000
20:11:45:%N,2645,1980,2000
20:11:45:%N,2634,2025,2000
20:11:46:%N,2629,2025,2000
20:11:46:%N,2624,2025,2000
20:11:46:%N,2627,2025,2000
20:11:46:%N,2639,1980,2000
20:11:46:%N,2625,2025,2000
20:11:46:%N,2634,1980,2000
20:11:46:%N,2639,1980,2000
20:11:46:%N,2643,1980,2000
20:11:46:%N,2648,1980,2000
20:11:47:%N,2639,2025,2000
20:11:47:%N,2634,2025,2000
20:11:47:%N,2629,2025,2000
20:11:47:%N,2624,2025,2000
20:11:47:%N,2642,1980,2000
20:11:47:%N,2629,2025,2000
20:11:47:%N,2645,2025,2000
20:11:47:%N,2642,1980,2000
20:11:47:%N,2647,1980,2000
20:11:48:%N,2632,1980,2000
20:11:48:%N,2650,1980,2000
20:11:48:%N,2636,2025,2000
20:11:48:%N,2639,2025,2000
20:11:48:%N,2634,2025,2000
20:11:48:%N,2648,1980,2000
20:11:48:%N,2652,2025,2000
20:11:48:%N,2635,2025,2000
20:11:48:%N,2647,1980,2000
20:11:49:%N,2632,2025,2000
20:11:49:%N,2641,1980,2000
20:11:49:%N,2630,2025,2000
20:11:49:%N,2643,1980,2000
20:11:49:%N,2648,1980,2000
20:11:49:%N,2631,2025,2000
20:11:49:%N,2642,1980,2000
20:11:49:%N,2647,1980,2000
20:11:49:%N,2632,2025,2000
20:11:50:%N,2642,1980,2000
20:11:50:%N,2647,1980,2000
20:11:50:%N,2632,2025,2000
20:11:50:%N,2635,2025,2000
20:11:50:%N,2630,2025,2000
20:11:50:%N,2644,1980,2000
20:11:50:%N,2648,2025,2000
20:11:50:%N,2630,2025,2000
20:11:50:%N,2643,1980,2000
20:11:50:%N,2648,1980,2000
20:11:51:%N,2639,2025,2000
20:11:51:%N,2634,2025,2000
20:11:51:%N,2647,1980,2000
20:11:51:%N,2652,2025,2000
20:11:51:%N,2634,2025,2000
20:11:51:%N,2647,1980,2000
20:11:51:%N,2652,1980,2000
20:11:51:%N,2635,2025,2000
20:11:51:%N,2646,1980,2000
20:11:52:%N,2651,1980,2000
20:11:52:%N,2635,2025,2000
20:11:52:%N,2646,1980,2000
20:11:52:%N,2651,1980,2000
20:11:52:%N,Invalid RPMsg file Exiting...,Invalid RPMsg file Exiting...,Invalid RPMsg file Exiting...
20:11:52:%N,4096,2430,2000
20:11:53:%N,3089,5220,2000
20:11:53:%N,2303,5445,2000
20:11:53:%N,1927,4320,2000
20:11:53:%N,1598,3735,2000
20:11:53:%N,1473,3105,2000
20:11:53:%N,1658,2070,2000
20:11:53:%N,1786,1710,2000
20:11:53:%N,2026,1305,2000
20:11:53:%N,2287,1035,2000
20:11:54:%N,2495,1080,2000
20:11:54:%N,2620,1305,2000
20:11:54:%N,2704,1710,2000
20:11:54:%N,2674,1800,2000
20:11:54:%N,2667,1935,2000
20:11:54:%N,2662,1980,2000
20:11:54:%N,2646,2025,2000
20:11:54:%N,2641,2025,2000
20:11:54:%N,2654,1980,2000
20:11:55:%N,2631,2070,2000
20:11:55:%N,2650,1980,2000
20:11:55:%N,2635,2025,2000
20:11:55:%N,2645,1980,2000
20:11:55:%N,2650,1980,2000
20:11:55:%N,2635,2025,2000
20:11:55:%N,2645,1980,2000
20:11:55:%N,2650,1980,2000
20:11:55:%N,2635,2025,2000
20:11:56:%N,2637,2025,2000
20:11:56:%N,2632,2025,2000
20:11:56:%N,2627,2025,2000
20:11:56:%N,2623,2025,2000
20:11:56:%N,2634,1980,2000
20:11:56:%N,2638,1980,2000
20:11:56:%N,2643,1980,2000
20:11:56:%N,2648,1980,2000
20:11:56:%N,2653,1980,2000
20:11:57:%N,2640,2025,2000
20:11:57:%N,2635,2025,2000
20:11:57:%N,2637,2025,2000
20:11:57:%N,2632,2025,2000
20:11:57:%N,2647,1980,2000
20:11:57:%N,2608,2070,2000
20:11:57:%N,2627,1980,2000
20:11:57:%N,2632,1980,2000
20:11:57:%N,2629,1980,2000
20:11:58:%N,2634,1980,2000
20:11:58:%N,2660,1935,2000
20:11:58:%N,2630,2025,2000
20:11:58:%N,2642,1980,2000
20:11:58:%N,2646,1980,2000
20:11:58:%N,2651,2025,2000
20:11:58:%N,2633,2025,2000
20:11:58:%N,2646,1980,2000
20:11:58:%N,2651,1980,2000
20:11:58:%N,2634,2025,2000
20:11:59:%N,2629,2025,2000
20:11:59:%N,2642,1980,2000
20:11:59:%N,2627,2025,2000
20:11:59:%N,2644,1980,2000
20:11:59:%N,2632,2025,2000
20:11:59:%N,2627,2025,2000
20:11:59:%N,2622,2025,2000
20:11:59:%N,2635,1980,2000
20:11:59:%N,2640,1980,2000
20:12:00:%N,2645,1980,2000
20:12:00:%N,2650,1980,2000
20:12:00:%N,2635,2025,2000
20:12:00:%N,2637,2025,2000
20:12:00:%N,2632,2025,2000
20:12:00:%N,2647,2025,2000
20:12:00:%N,2645,1980,2000
20:12:00:%N,2649,1980,2000
20:12:00:%N,2635,2025,2000
20:12:01:%N,2631,1980,2000
20:12:01:%N,2648,1980,2000
20:12:01:%N,2636,2025,2000
20:12:01:%N,2632,2025,2000
20:12:01:%N,2647,1980,2000
20:12:01:%N,2621,2070,2000
20:12:01:%N,2642,1980,2000
20:12:01:%N,2627,2025,2000
20:12:01:%N,2644,2025,2000
20:12:02:%N,2641,1980,2000
20:12:02:%N,2646,1980,2000
20:12:02:%N,2638,2025,2000
20:12:02:%N,2632,2025,2000
20:12:02:%N,2647,1980,2000
20:12:02:%N,2652,1980,2000
20:12:02:%N,2640,2025,2000
20:12:02:%N,2635,2025,2000
20:12:02:%N,2651,1980,2000
20:12:03:%N,2641,2025,2000
20:12:03:%N,2635,2025,2000
20:12:03:%N,2651,1980,2000
20:12:03:%N,2633,2025,2000
20:12:03:%N,2646,1980,2000
20:12:03:%N,2650,1980,2000
20:12:03:%N,2655,2025,2000
20:12:03:%N,2637,2025,2000
20:12:03:%N,2650,1980,2000
20:12:03:%N,2635,2025,2000
20:12:04:%N,2637,2025,2000
20:12:04:%N,2650,1980,2000
20:12:04:%N,2655,2025,2000
20:12:04:%N,2652,1980,2000
20:12:04:%N,2639,2025,2000
20:12:04:%N,2655,2025,2000
20:12:04:%N,2652,1980,2000
20:12:04:%N,2658,1980,2000
20:12:05:%N,2655,1980,2000
20:12:05:%N,2627,2070,2000
20:12:05:%N,2650,1980,2000
20:12:05:%N,2655,1980,2000
20:12:05:%N,2645,2025,2000
20:12:05:%N,2640,2025,2000
20:12:05:%N,2654,1980,2000
20:12:05:%N,2658,1980,2000
20:12:05:%N,2641,2025,2000
20:12:05:%N,2636,2025,2000
20:12:06:%N,2650,1980,2000
20:12:06:%N,2655,1980,2000
20:12:06:%N,2637,2025,2000
20:12:06:%N,2632,2025,2000
20:12:06:%N,2666,1935,2000
20:12:06:%N,2651,1980,2000
20:12:06:%N,2640,2025,2000
20:12:06:%N,2654,1980,2000
20:12:06:%N,2659,2025,2000
20:12:07:%N,Invalid RPMsg file Exiting...,Invalid RPMsg file Exiting...,Invalid RPMsg file Exiting...
20:12:07:%N,4096,2835,2000
20:12:07:%N,3031,5175,2000
20:12:07:%N,2131,5535,2000
20:12:07:%N,1863,4320,2000
20:12:07:%N,2069,3645,2000
20:12:08:%N,2206,3195,2000
20:12:08:%N,2343,2430,2000
20:12:08:%N,2494,2250,2000
20:12:08:%N,2563,2025,2000
20:12:08:%N,2599,1935,2000
20:12:08:%N,2620,1890,2000
20:12:08:%N,2647,1890,2000
20:12:08:%N,2636,1980,2000
20:12:08:%N,2662,1935,2000
20:12:08:%N,2654,1980,2000
20:12:09:%N,2642,2025,2000
20:12:09:%N,2656,1980,2000
20:12:09:%N,2647,2025,2000
20:12:09:%N,2642,2025,2000
20:12:09:%N,2636,2025,2000
20:12:09:%N,2647,1980,2000
20:12:09:%N,2633,2025,2000
20:12:09:%N,2649,1980,2000
20:12:10:%N,2646,1980,2000
20:12:10:%N,2651,1980,2000
20:12:10:%N,2656,1980,2000
20:12:10:%N,2639,2025,2000
20:12:10:%N,2651,1980,2000
20:12:10:%N,2656,1980,2000
20:12:10:%N,2640,2025,2000
20:12:10:%N,2650,1980,2000
20:12:10:%N,2655,1980,2000
20:12:10:%N,2640,2025,2000
20:12:11:%N,2649,1980,2000
20:12:11:%N,2654,1980,2000
20:12:11:%N,2640,2025,2000
20:12:11:%N,2650,1980,2000
20:12:11:%N,2655,1980,2000
20:12:11:%N,2653,1980,2000
20:12:11:%N,2642,2025,2000
20:12:11:%N,2656,1980,2000
20:12:12:%N,2653,1980,2000
20:12:12:%N,2642,2025,2000
20:12:12:%N,2636,2025,2000
20:12:12:%N,2639,2025,2000
20:12:12:%N,2581,2160,2000
20:12:12:%N,2486,2295,2000
20:12:12:%N,2481,2250,2000
20:12:12:%N,2549,2070,2000
20:12:12:%N,3341,0,2000
20:12:12:%N,3810,0,2000
20:12:13:%N,4096,0,2000
20:12:13:%N,4096,0,2000
20:12:13:%N,4096,0,2000
20:12:13:%N,4096,0,2000
20:12:13:%N,4096,0,2000
20:12:13:%N,4096,0,2000
20:12:13:%N,4096,2025,2000
20:12:13:%N,3956,5985,2000
20:12:13:%N,2910,6165,2000
20:12:14:%N,2230,5265,2000
20:12:14:%N,1780,4590,2000
20:12:14:%N,1972,3960,2000
20:12:14:%N,2247,3060,2000
20:12:14:%N,2329,2790,2000
20:12:14:%N,2384,2610,2000
20:12:14:%N,2439,2430,2000
20:12:14:%N,2467,2340,2000
20:12:15:%N,2494,2250,2000
20:12:15:%N,2508,2205,2000
20:12:15:%N,2522,2160,2000
20:12:15:%N,2522,2160,2000
20:12:15:%N,2549,2070,2000
20:12:15:%N,2577,1980,2000
20:12:15:%N,2582,1980,2000
20:12:15:%N,2586,1980,2000
20:12:15:%N,2591,1980,2000
20:12:15:%N,2635,1890,2000
20:12:16:%N,2591,2070,2000
20:12:16:%N,2596,2025,2000
20:12:16:%N,2622,1935,2000
20:12:16:%N,2619,1980,2000
20:12:16:%N,2645,1935,2000
20:12:16:%N,2645,1980,2000
20:12:16:%N,2650,1980,2000
20:12:16:%N,2633,2025,2000
20:12:16:%N,2645,1980,2000
20:12:17:%N,2650,1980,2000
20:12:17:%N,2655,1980,2000
20:12:17:%N,2660,1980,2000
20:12:17:%N,2647,2025,2000
20:12:17:%N,2642,2025,2000
20:12:17:%N,2651,1980,2000
20:12:17:%N,2640,2025,2000
20:12:17:%N,2653,1980,2000
20:12:17:%N,2658,1980,2000
20:12:18:%N,2662,2025,2000
20:12:18:%N,2644,2025,2000
20:12:18:%N,2640,2025,2000
20:12:18:%N,2634,2070,2000
20:12:18:%N,2621,2025,2000
20:12:18:%N,2635,1980,2000
20:12:18:%N,2633,1980,2000
20:12:18:%N,2620,2025,2000
20:12:18:%N,2615,1980,2000
20:12:19:%N,2633,1980,2000
20:12:19:%N,2675,1890,2000
20:12:19:%N,2639,2025,2000
20:12:19:%N,2618,2070,2000
20:12:19:%N,2602,2070,2000
20:12:19:%N,2588,2070,2000
20:12:19:%N,2604,1980,2000
20:12:19:%N,2609,1980,2000
20:12:19:%N,2632,1935,2000
20:12:20:%N,2626,1935,2000
20:12:20:%N,2639,1980,2000
20:12:20:%N,2644,1980,2000
20:12:20:%N,2629,2025,2000
20:12:20:%N,2638,1980,2000
20:12:20:%N,2627,2025,2000
20:12:20:%N,2621,2025,2000
20:12:20:%N,2624,2025,2000
20:12:20:%N,2619,2025,2000
20:12:21:%N,2633,1980,2000
20:12:21:%N,2623,2025,2000
20:12:21:%N,2636,1980,2000
20:12:21:%N,2627,2025,2000
20:12:21:%N,2639,1980,2000
20:12:21:%N,2625,2025,2000
20:12:21:%N,2579,1980,2000
20:12:21:%N,2639,1935,2000
20:12:21:%N,2636,1980,2000
20:12:22:%N,2661,1935,2000
20:12:22:%N,2639,2025,2000
20:12:22:%N,2651,1980,2000
20:12:22:%N,2655,1980,2000
20:12:22:%N,2660,2025,2000
20:12:22:%N,2657,1980,2000
20:12:22:%N,2645,2025,2000
20:12:22:%N,2660,1980,2000
20:12:22:%N,2634,2070,2000
20:12:23:%N,2637,2025,2000
20:12:23:%N,2652,1980,2000
20:12:23:%N,2642,2025,2000
20:12:23:%N,2655,1980,2000
20:12:23:%N,2660,1980,2000
20:12:23:%N,2658,1980,2000
20:12:23:%N,2644,2025,2000
20:12:23:%N,2660,1980,2000
20:12:23:%N,2649,2025,2000
20:12:24:%N,2644,2025,2000
20:12:24:%N,2660,1980,2000
20:12:24:%N,2665,1980,2000
20:12:24:%N,2653,2025,2000
20:12:24:%N,2648,2025,2000
20:12:24:%N,2657,1980,2000
20:12:24:%N,2662,1980,2000
20:12:24:%N,2648,2025,2000
20:12:24:%N,2664,1980,2000
20:12:25:%N,2653,2025,2000
20:12:25:%N,2649,2025,2000
20:12:25:%N,2663,1980,2000
20:12:25:%N,2647,2025,2000
20:12:25:%N,2642,2025,2000
20:12:25:%N,2655,1980,2000
20:12:25:%N,2653,1980,2000
20:12:25:%N,2658,1980,2000
20:12:25:%N,2664,1980,2000
20:12:26:%N,2654,2025,2000
20:12:26:%N,2666,1980,2000
20:12:26:%N,2652,2025,2000
20:12:26:%N,2654,2025,2000
20:12:26:%N,2649,2025,2000
20:12:26:%N,2663,1980,2000
20:12:26:%N,2654,2025,2000
20:12:26:%N,2649,2025,2000
20:12:26:%N,2662,1980,2000
20:12:27:%N,2667,1980,2000
20:12:27:%N,2644,2070,2000
20:12:27:%N,2662,1980,2000
20:12:27:%N,2667,1980,2000
20:12:27:%N,2658,2025,2000
20:12:27:%N,2653,2025,2000
20:12:27:%N,2667,1980,2000
20:12:27:%N,2651,1980,2000
20:12:27:%N,2653,2025,2000
20:12:27:%N,2648,2025,2000
20:12:28:%N,2664,1980,2000
20:12:28:%N,2653,2025,2000
20:12:28:%N,2667,1980,2000
20:12:28:%N,2665,1980,2000
20:12:28:%N,2652,2025,2000
20:12:28:%N,2647,2025,2000
20:12:28:%N,2650,2025,2000
20:12:28:%N,2662,1980,2000
20:12:29:%N,2667,1980,2000
20:12:29:%N,2650,2025,2000
20:12:29:%N,2661,1980,2000
20:12:29:%N,2666,1980,2000
20:12:29:%N,2652,2025,2000
20:12:29:%N,2647,2025,2000
20:12:29:%N,2664,1980,2000
20:12:29:%N,2669,1980,2000
20:12:29:%N,2656,2025,2000
20:12:29:%N,2651,2025,2000
20:12:30:%N,2668,1980,2000
20:12:30:%N,2656,2025,2000
20:12:30:%N,2674,1980,2000
20:12:30:%N,2659,2025,2000
20:12:30:%N,2655,2025,2000
20:12:30:%N,2657,2025,2000
20:12:30:%N,2652,2025,2000
20:12:31:%N,2667,1980,2000
20:12:31:%N,2657,2025,2000
20:12:31:%N,2652,2025,2000
20:12:31:%N,Invalid RPMsg file Exiting...,Invalid RPMsg file Exiting...,Invalid RPMsg file Exiting...
20:12:31:%N,4096,2340,2000
20:12:31:%N,2993,5715,2000
20:12:32:%N,2372,5355,2000
20:12:32:%N,1903,4860,2000
20:12:32:%N,1636,3600,2000
20:12:32:%N,1665,3015,2000
20:12:32:%N,1649,2520,2000
20:12:32:%N,1816,1980,2000
20:12:32:%N,1975,1620,2000
20:12:32:%N,2184,1125,2000
20:12:32:%N,2452,1125,2000
20:12:32:%N,2615,1260,2000
20:12:33:%N,2670,1620,2000
20:12:33:%N,2710,1755,2000
20:12:33:%N,2688,1935,2000
20:12:33:%N,2673,2025,2000
20:12:33:%N,2667,2025,2000
20:12:33:%N,2663,2025,2000
20:12:33:%N,2658,2025,2000
20:12:33:%N,2652,2025,2000
20:12:33:%N,2647,1980,2000
20:12:34:%N,2649,2025,2000
20:12:34:%N,2663,1980,2000
20:12:34:%N,2647,2025,2000
20:12:34:%N,2657,1980,2000
20:12:34:%N,2661,1980,2000
20:12:34:%N,2666,1980,2000
20:12:34:%N,2652,2025,2000
20:12:34:%N,2668,2025,2000
20:12:34:%N,2649,2025,2000
20:12:35:%N,2663,1980,2000
20:12:35:%N,2660,1980,2000
20:12:35:%N,2666,1980,2000
20:12:35:%N,2671,1980,2000
20:12:35:%N,2669,1980,2000
20:12:35:%N,2674,1980,2000
20:12:35:%N,2658,2025,2000
20:12:35:%N,2670,1980,2000
20:12:35:%N,2654,1980,2000
20:12:36:%N,2673,1980,2000
20:12:36:%N,2659,2025,2000
20:12:36:%N,2647,2070,2000
20:12:36:%N,2666,1980,2000
20:12:36:%N,2671,1980,2000
20:12:36:%N,2654,2025,2000
20:12:36:%N,2666,1980,2000
20:12:36:%N,2671,1980,2000
20:12:37:%N,2647,2070,2000
20:12:37:%N,2665,1980,2000
20:12:37:%N,2670,1980,2000
20:12:37:%N,2675,2025,2000
20:12:37:%N,2657,2025,2000
20:12:37:%N,2670,1980,2000
20:12:37:%N,2675,2025,2000
20:12:37:%N,2656,2025,2000
20:12:37:%N,2651,2025,2000
20:12:38:%N,2566,2250,2000
20:12:38:%N,2469,2340,2000
20:12:38:%N,3066,180,2000
20:12:38:%N,2432,-44,2000
20:12:38:%N,2432,-44,2000
20:12:38:%N,2432,-44,2000
20:12:38:%N,2432,-44,2000
20:12:38:%N,2432,-44,2000
20:12:38:%N,2432,-44,2000
20:12:39:%N,2432,-44,2000
20:12:39:%N,2432,-44,2000
20:12:39:%N,2432,-44,2000
20:12:39:%N,2432,-44,2000
20:12:39:%N,2432,-44,2000
20:12:39:%N,2432,-44,2000
20:12:39:%N,2432,-44,2000
20:12:39:%N,2432,-44,2000
20:12:39:%N,2432,-44,2000
20:12:40:%N,2432,-44,2000
20:12:40:%N,2432,-44,2000
20:12:40:%N,2432,-44,2000
20:12:40:%N,2432,-44,2000
20:12:40:%N,2432,-44,2000
20:12:40:%N,2432,-44,2000
20:12:40:%N,2432,-44,2000
20:12:40:%N,2432,-44,2000
20:12:41:%N,2432,-44,2000
20:12:41:%N,2432,-44,2000
20:12:41:%N,2432,-44,2000
20:12:41:%N,2432,-44,2000
20:12:41:%N,2432,-44,2000
20:12:41:%N,2432,-44,2000
20:12:41:%N,2432,-44,2000
20:12:41:%N,2432,-44,2000
20:12:41:%N,2432,-44,2000
20:12:42:%N,2432,-44,2000
20:12:42:%N,2432,-44,2000
20:12:42:%N,2432,-44,2000
20:12:42:%N,2432,-44,2000
20:12:42:%N,2432,-44,2000
20:12:42:%N,2432,-44,2000
20:12:42:%N,2423,0,2000
20:12:42:%N,2432,-44,2000
20:12:42:%N,2432,-44,2000
20:12:43:%N,2432,-44,2000
20:12:43:%N,2432,-44,2000
20:12:43:%N,2361,225,2000
20:12:43:%N,2749,360,2000
20:12:43:%N,3277,1620,2000
20:12:43:%N,2711,2250,2000
20:12:43:%N,2629,2295,2000
20:12:43:%N,2614,2160,2000
20:12:43:%N,2597,2115,2000
20:12:44:%N,2609,2025,2000
20:12:44:%N,2605,2025,2000
20:12:44:%N,2614,1980,2000
20:12:44:%N,2602,2025,2000
20:12:44:%N,2617,1980,2000
20:12:44:%N,2630,1935,2000
20:12:44:%N,2628,1980,2000
20:12:44:%N,2675,1890,2000
20:12:44:%N,2648,2025,2000
20:12:45:%N,2660,1980,2000
20:12:45:%N,2665,1980,2000
20:12:45:%N,2655,2025,2000
20:12:45:%N,2668,1980,2000
20:12:45:%N,2682,1935,2000
20:12:45:%N,2661,2025,2000
20:12:45:%N,2663,2025,2000
20:12:45:%N,2657,2025,2000
20:12:46:%N,2673,1980,2000
20:12:46:%N,2678,1980,2000
20:12:46:%N,2665,2025,2000
20:12:46:%N,2674,1980,2000
20:12:46:%N,2661,2025,2000
20:12:46:%N,2670,1980,2000
20:12:46:%N,2675,1980,2000
20:12:46:%N,2660,2025,2000
20:12:47:%N,2670,1980,2000
20:12:47:%N,2694,1935,2000
20:12:47:%N,2667,2025,2000
20:12:47:%N,2679,1980,2000
20:12:47:%N,2663,1980,2000
20:12:47:%N,2666,2025,2000
20:12:47:%N,2661,2025,2000
20:12:47:%N,2677,1980,2000
20:12:47:%N,2682,1980,2000
20:12:48:%N,2651,2070,2000
20:12:48:%N,2676,1980,2000
20:12:48:%N,2682,1980,2000
20:12:48:%N,2669,2025,2000
20:12:48:%N,2664,1980,2000
20:12:48:%N,2682,1980,2000
20:12:48:%N,2669,2025,2000
20:12:48:%N,2664,2025,2000
20:12:48:%N,2667,2025,2000
20:12:49:%N,2678,1980,2000
20:12:49:%N,2664,2025,2000
20:12:49:%N,2681,1980,2000
20:12:49:%N,2669,2025,2000
20:12:49:%N,2664,2025,2000
20:12:49:%N,2645,2070,2000
20:12:49:%N,2647,2025,2000
20:12:49:%N,2660,1980,2000
20:12:49:%N,2665,1980,2000
20:12:50:%N,2655,2025,2000
20:12:50:%N,2668,1980,2000
20:12:50:%N,2674,1980,2000
20:12:50:%N,2660,2025,2000
20:12:50:%N,2677,1980,2000
20:12:50:%N,2665,2025,2000
20:12:50:%N,2660,2025,2000
20:12:50:%N,2655,2025,2000
20:12:50:%N,2668,1980,2000
20:12:51:%N,2673,1980,2000
20:12:51:%N,2661,2025,2000
20:12:51:%N,2676,1980,2000
20:12:51:%N,2666,2025,2000
20:12:51:%N,2678,1980,2000
20:12:51:%N,2664,2025,2000
20:12:51:%N,2659,2025,2000
20:12:51:%N,2654,2025,2000
20:12:51:%N,2668,1980,2000
20:12:52:%N,2673,1980,2000
20:12:52:%N,2662,2025,2000
20:12:52:%N,2656,2025,2000
20:12:52:%N,2689,1935,2000
20:12:52:%N,2668,2025,2000
20:12:52:%N,2671,2025,2000
20:12:52:%N,2682,1980,2000
20:12:52:%N,2668,2025,2000
20:12:53:%N,2662,2025,2000
20:12:53:%N,2676,1980,2000
20:12:53:%N,2674,1980,2000
20:12:53:%N,2661,2025,2000
20:12:53:%N,2663,2025,2000
20:12:53:%N,2658,2025,2000
20:12:53:%N,2671,1980,2000
20:12:53:%N,2676,1980,2000
20:12:53:%N,2666,2025,2000
20:12:54:%N,2679,1980,2000
20:12:54:%N,2677,1980,2000
20:12:54:%N,2649,2070,2000
20:12:54:%N,2787,1710,2000
20:12:54:%N,3662,0,2000
20:12:54:%N,4096,0,2000
20:12:54:%N,4096,0,2000
20:12:54:%N,4096,0,2000
20:12:54:%N,4096,0,2000
20:12:55:%N,4096,0,2000
20:12:55:%N,4096,0,2000
20:12:55:%N,4096,0,2000
20:12:55:%N,4096,0,2000
20:12:55:%N,4096,0,2000
20:12:55:%N,4096,0,2000
20:12:55:%N,4096,0,2000
20:12:55:%N,4096,0,2000
20:12:56:%N,4096,0,2000
20:12:56:%N,4096,0,2000
20:12:56:%N,4096,0,2000
20:12:56:%N,4096,0,2000
20:12:56:%N,4096,0,2000
20:12:56:%N,4096,0,2000
20:12:56:%N,4096,0,2000
20:12:56:%N,4096,0,2000
20:12:56:%N,4096,0,2000
20:12:57:%N,4096,0,2000
20:12:57:%N,4096,0,2000
20:12:57:%N,4096,0,2000
20:12:57:%N,4096,0,2000
20:12:57:%N,4096,0,2000
20:12:57:%N,4096,0,2000
20:12:57:%N,4096,0,2000
20:12:57:%N,4096,0,2000
20:12:57:%N,4096,0,2000
20:12:58:%N,4096,0,2000
20:12:58:%N,4096,0,2000
20:12:58:%N,4096,0,2000
20:12:58:%N,4096,0,2000
20:12:58:%N,4096,0,2000
20:12:58:%N,4096,0,2000
20:12:58:%N,4096,450,2000
20:12:58:%N,4096,4095,2000
20:12:59:%N,4096,5760,2000
20:12:59:%N,4096,5895,2000
20:12:59:%N,4096,5985,2000
20:12:59:%N,4096,5985,2000
20:12:59:%N,4096,6030,2000
20:12:59:%N,4096,6030,2000
20:12:59:%N,4096,6165,2000
20:12:59:%N,4096,6030,2000
20:12:59:%N,4096,6075,2000
20:13:00:%N,4096,6075,2000
20:13:00:%N,4096,6030,2000
20:13:00:%N,4096,6120,2000
20:13:00:%N,4096,6030,2000
20:13:00:%N,4096,6120,2000
20:13:00:%N,4096,6210,2000
20:13:00:%N,3801,6210,2000
20:13:00:%N,2832,5985,2000
20:13:00:%N,2102,4860,2000
20:13:01:%N,1837,4140,2000
20:13:01:%N,1551,3600,2000
20:13:01:%N,1484,2475,2000
20:13:01:%N,1786,2070,2000
20:13:01:%N,1942,1665,2000
20:13:01:%N,2114,1440,2000
20:13:01:%N,2332,1260,2000
20:13:01:%N,2501,1260,2000
20:13:01:%N,2634,1350,2000
20:13:02:%N,2630,1755,2000
20:13:02:%N,2659,1845,2000
20:13:02:%N,2657,1935,2000
20:13:02:%N,2643,1980,2000
20:13:02:%N,2648,1980,2000
20:13:02:%N,2638,2025,2000
20:13:02:%N,2633,2025,2000
20:13:02:%N,2649,1980,2000
20:13:03:%N,2638,2025,2000
20:13:03:%N,2652,1980,2000
20:13:03:%N,2649,1980,2000
20:13:03:%N,2637,2025,2000
20:13:03:%N,2611,2025,2000
20:13:03:%N,2619,2025,2000
20:13:03:%N,2614,2025,2000
20:13:03:%N,2630,1980,2000
20:13:03:%N,2619,2025,2000
20:13:04:%N,2632,1980,2000
20:13:04:%N,2637,1980,2000
20:13:04:%N,2626,2025,2000
20:13:04:%N,2640,1980,2000
20:13:04:%N,2638,1980,2000
20:13:04:%N,2625,2025,2000
20:13:04:%N,2641,1980,2000
20:13:04:%N,2646,1980,2000
20:13:04:%N,2632,2025,2000
20:13:05:%N,2642,1980,2000
20:13:05:%N,2647,1980,2000
20:13:05:%N,2653,2025,2000
20:13:05:%N,2634,2025,2000
20:13:05:%N,2648,1980,2000
20:13:05:%N,2654,1980,2000
20:13:05:%N,2640,2025,2000
20:13:05:%N,2677,1980,2000
20:13:06:%N,2669,1980,2000
20:13:06:%N,2656,2025,2000
20:13:06:%N,2671,2025,2000
20:13:06:%N,2669,1980,2000
20:13:06:%N,2674,1980,2000
20:13:06:%N,2679,2025,2000
20:13:06:%N,2661,2025,2000
20:13:06:%N,2674,1980,2000
20:13:06:%N,2658,2025,2000
20:13:07:%N,2669,1980,2000
20:13:07:%N,2675,1980,2000
20:13:07:%N,2657,2025,2000
20:13:07:%N,2671,1980,2000
20:13:07:%N,2676,1980,2000
20:13:07:%N,2663,2025,2000
20:13:07:%N,2658,1980,2000
20:13:07:%N,2677,1980,2000
20:13:08:%N,2682,1980,2000
20:13:08:%N,2645,1980,2000
20:13:08:%N,2677,1980,2000
20:13:08:%N,2682,1980,2000
20:13:08:%N,2665,2025,2000
20:13:08:%N,2677,1980,2000
20:13:08:%N,2663,2025,2000
20:13:08:%N,2658,1980,2000
20:13:08:%N,2677,1980,2000
20:13:09:%N,2681,1980,2000
20:13:09:%N,2666,2025,2000
20:13:09:%N,2676,1980,2000
20:13:09:%N,2646,2070,2000
20:13:09:%N,2651,2025,2000
20:13:09:%N,2661,1980,2000
20:13:09:%N,2667,1980,2000
20:13:09:%N,2672,1980,2000
20:13:09:%N,2677,1980,2000
20:13:10:%N,2682,1980,2000
20:13:10:%N,2688,1980,2000
20:13:10:%N,2674,2025,2000
20:13:10:%N,2668,2025,2000
20:13:10:%N,2682,1980,2000
20:13:10:%N,2679,1980,2000
20:13:10:%N,2651,2070,2000
20:13:10:%N,2655,2025,2000
20:13:10:%N,2650,1980,2000
20:13:11:%N,2669,1980,2000
20:13:11:%N,2674,1980,2000
20:13:11:%N,2679,1980,2000
20:13:11:%N,2668,2025,2000
20:13:11:%N,2663,2025,2000
20:13:11:%N,2679,1980,2000
20:13:11:%N,2684,1980,2000
20:13:11:%N,2689,1980,2000
20:13:11:%N,2674,2025,2000
20:13:12:%N,2684,1980,2000
20:13:12:%N,2690,1980,2000
20:13:12:%N,2672,2025,2000
20:13:12:%N,2686,1980,2000
20:13:12:%N,2669,2025,2000
20:13:12:%N,2681,1980,2000
20:13:12:%N,2666,2025,2000
20:13:12:%N,2669,2025,2000
20:13:13:%N,2681,1980,2000
20:13:13:%N,2687,1980,2000
20:13:13:%N,2675,2025,2000
20:13:13:%N,2670,2025,2000
20:13:13:%N,2672,1980,2000
20:13:13:%N,2677,1980,2000
20:13:13:%N,2682,1980,2000
20:13:13:%N,2666,2025,2000
20:13:13:%N,2691,1935,2000
20:13:14:%N,2689,1980,2000
20:13:14:%N,2673,1980,2000
20:13:14:%N,2676,2025,2000
20:13:14:%N,2689,1980,2000
20:13:14:%N,2673,2025,2000
20:13:14:%N,2684,1980,2000
20:13:14:%N,2670,2025,2000
20:13:14:%N,2672,2025,2000
20:13:14:%N,2667,2025,2000
20:13:15:%N,2684,1980,2000
20:13:15:%N,2671,2025,2000
20:13:15:%N,2679,1980,2000
20:13:15:%N,2685,1980,2000
20:13:15:%N,2690,1980,2000
20:13:15:%N,2673,2025,2000
20:13:15:%N,2684,1980,2000
20:13:15:%N,2689,1980,2000
20:13:16:%N,2673,2025,2000
20:13:16:%N,2684,1980,2000
20:13:16:%N,2670,2025,2000
20:13:16:%N,2665,1980,2000
20:13:16:%N,2668,2025,2000
20:13:16:%N,2663,2025,2000
20:13:16:%N,2679,1980,2000
20:13:16:%N,2668,2025,2000
20:13:16:%N,2662,2025,2000
20:13:17:%N,2680,1980,2000
20:13:17:%N,2685,1980,2000
20:13:17:%N,2690,2025,2000
20:13:17:%N,2688,1980,2000
20:13:17:%N,2674,2025,2000
20:13:17:%N,2661,2025,2000
20:13:17:%N,2673,1980,2000
20:13:17:%N,2699,1980,2000
20:13:17:%N,2675,2025,2000
20:13:18:%N,2670,2025,2000
20:13:18:%N,2686,1980,2000
20:13:18:%N,2691,1980,2000
20:13:18:%N,2696,1980,2000
20:13:18:%N,Invalid RPMsg file Exiting...,Invalid RPMsg file Exiting...,Invalid RPMsg file Exiting...
20:13:18:%N,4096,2745,2000
20:13:19:%N,2755,6030,2000
20:13:19:%N,2142,5445,2000
20:13:19:%N,1712,4140,2000
20:13:19:%N,2096,3555,2000
20:13:19:%N,2247,3060,2000
20:13:19:%N,2371,2655,2000
20:13:19:%N,2522,2160,2000
20:13:19:%N,2598,1935,2000
20:13:19:%N,2640,1890,2000
20:13:20:%N,2690,1845,2000
20:13:20:%N,2687,1935,2000
20:13:20:%N,2685,1980,2000
20:13:20:%N,2668,2025,2000
20:13:20:%N,2647,2070,2000
20:13:20:%N,2650,2025,2000
20:13:20:%N,2667,1980,2000
20:13:20:%N,2672,1980,2000
20:13:21:%N,2636,2025,2000
20:13:21:%N,3051,855,2000
20:13:21:%N,3730,0,2000
20:13:21:%N,4096,0,2000
20:13:21:%N,4096,0,2000
20:13:21:%N,4096,0,2000
20:13:21:%N,4096,0,2000
20:13:21:%N,4096,0,2000
20:13:21:%N,4096,0,2000
20:13:22:%N,4096,0,2000
20:13:22:%N,4096,0,2000
20:13:22:%N,4096,0,2000
20:13:22:%N,4096,0,2000
20:13:22:%N,4096,0,2000
20:13:22:%N,4096,0,2000
20:13:22:%N,4096,0,2000
20:13:22:%N,4096,0,2000
20:13:23:%N,4096,0,2000
20:13:23:%N,4096,0,2000
20:13:23:%N,4096,0,2000
20:13:23:%N,4096,0,2000
20:13:23:%N,4096,0,2000
20:13:23:%N,4096,0,2000
20:13:23:%N,4096,0,2000
20:13:23:%N,4096,0,2000
20:13:23:%N,4096,0,2000
20:13:24:%N,4096,0,2000
20:13:24:%N,4096,0,2000
20:13:24:%N,4096,0,2000
20:13:24:%N,4096,0,2000
20:13:24:%N,4096,0,2000
20:13:24:%N,4096,0,2000
20:13:24:%N,4096,135,2000
20:13:24:%N,4096,3240,2000
20:13:24:%N,4096,5760,2000
20:13:25:%N,4096,5895,2000
20:13:25:%N,4096,5985,2000
20:13:25:%N,4096,5940,2000
20:13:25:%N,4096,5940,2000
20:13:25:%N,4096,5940,2000
20:13:25:%N,4096,5985,2000
20:13:25:%N,4096,5985,2000
20:13:25:%N,4096,5985,2000
20:13:25:%N,4096,6030,2000
20:13:26:%N,4096,5985,2000
20:13:26:%N,4096,6030,2000
20:13:26:%N,3831,6030,2000
20:13:26:%N,2988,5805,2000
20:13:26:%N,2360,5265,2000
20:13:26:%N,1922,4635,2000
20:13:26:%N,1931,3465,2000
20:13:26:%N,2275,2970,2000
20:13:26:%N,2412,2520,2000
20:13:27:%N,2549,2070,2000
20:13:27:%N,2599,1935,2000
20:13:27:%N,2654,1845,2000
20:13:27:%N,2676,1890,2000
20:13:27:%N,2683,1935,2000
20:13:27:%N,2667,2025,2000
20:13:27:%N,2662,2025,2000
20:13:27:%N,2670,1980,2000
20:13:28:%N,2676,1980,2000
20:13:28:%N,2661,2025,2000
20:13:28:%N,2679,1980,2000
20:13:28:%N,2684,1980,2000
20:13:28:%N,2669,2025,2000
20:13:28:%N,2672,2025,2000
20:13:28:%N,2667,2025,2000
20:13:28:%N,2680,1980,2000
20:13:28:%N,2686,2070,2000
20:13:29:%N,2659,2025,2000
20:13:29:%N,2654,2025,2000
20:13:29:%N,2670,2025,2000
20:13:29:%N,2652,2025,2000
20:13:29:%N,2647,2025,2000
20:13:29:%N,2662,1980,2000
20:13:29:%N,2667,1980,2000
20:13:29:%N,2673,1980,2000
20:13:29:%N,2686,1980,2000
20:13:30:%N,2692,1980,2000
20:13:30:%N,2675,2025,2000
20:13:30:%N,2687,1980,2000
20:13:30:%N,2693,1980,2000
20:13:30:%N,2682,1980,2000
20:13:30:%N,2688,1980,2000
20:13:30:%N,2672,2025,2000
20:13:30:%N,2683,1980,2000
20:13:31:%N,2688,1980,2000
20:13:31:%N,2693,1980,2000
20:13:31:%N,2665,2070,2000
20:13:31:%N,2669,2025,2000
20:13:31:%N,2664,1980,2000
20:13:31:%N,2683,1980,2000
20:13:31:%N,2651,2070,2000
20:13:31:%N,2678,1980,2000
20:13:31:%N,2666,2025,2000
20:13:32:%N,2661,1980,2000
20:13:32:%N,2679,1980,2000
20:13:32:%N,2665,2025,2000
20:13:32:%N,2667,2025,2000
20:13:32:%N,2681,1980,2000
20:13:32:%N,2686,1980,2000
20:13:32:%N,2673,2025,2000
20:13:32:%N,2683,1980,2000
20:13:33:%N,2688,1980,2000
20:13:33:%N,2671,2025,2000
20:13:33:%N,2683,1980,2000
20:13:33:%N,2669,2025,2000
20:13:33:%N,2671,2025,2000
20:13:33:%N,2684,1980,2000
20:13:33:%N,2668,1980,2000
20:13:33:%N,2687,1980,2000
20:13:33:%N,2672,1980,2000
20:13:34:%N,2691,1980,2000
20:13:34:%N,2676,2025,2000
20:13:34:%N,2686,1980,2000
20:13:34:%N,2691,1980,2000
20:13:34:%N,2676,2025,2000
20:13:34:%N,2671,2025,2000
20:13:34:%N,2683,1980,2000
20:13:34:%N,2688,1980,2000
20:13:34:%N,2672,1980,2000
20:13:35:%N,2674,2025,2000
20:13:35:%N,2669,2025,2000
20:13:35:%N,2685,1980,2000
20:13:35:%N,2674,2025,2000
20:13:35:%N,2670,2025,2000
20:13:35:%N,2685,1980,2000
20:13:35:%N,2690,1980,2000
20:13:35:%N,2695,1980,2000
20:13:36:%N,2679,2025,2000
20:13:36:%N,2692,1980,2000
20:13:36:%N,2690,1980,2000
20:13:36:%N,2677,2025,2000
20:13:36:%N,2693,2025,2000
20:13:36:%N,2674,2025,2000
20:13:36:%N,2688,1980,2000
20:13:36:%N,2692,1980,2000
20:13:36:%N,2666,2070,2000
20:13:37:%N,2688,1980,2000
20:13:37:%N,2693,2025,2000
20:13:37:%N,2674,2025,2000
20:13:37:%N,2688,1980,2000
20:13:37:%N,2671,2025,2000
20:13:37:%N,2683,1980,2000
20:13:37:%N,2688,1980,2000
20:13:37:%N,2693,2025,2000
20:13:37:%N,2675,2025,2000
20:13:38:%N,2688,1980,2000
20:13:38:%N,2678,2025,2000
20:13:38:%N,2692,1980,2000
20:13:38:%N,2682,2025,2000
20:13:38:%N,2696,1980,2000
20:13:38:%N,2686,2025,2000
20:13:38:%N,2681,2025,2000
20:13:38:%N,2655,1980,2000
20:13:39:%N,2686,1980,2000
20:13:39:%N,2693,1980,2000
20:13:39:%N,2682,2025,2000
20:13:39:%N,2677,2025,2000
20:13:39:%N,2712,1935,2000
20:13:39:%N,2683,2025,2000
20:13:39:%N,2678,2025,2000
