19:24:06:%N,4096,0,2000
19:24:06:%N,4096,0,2000
19:24:06:%N,4096,0,2000
19:24:06:%N,4096,0,2000
19:24:06:%N,4096,0,2000
19:24:06:%N,4096,0,2000
19:24:07:%N,4096,0,2000
19:24:07:%N,4096,0,2000
19:24:07:%N,4096,0,2000
19:24:07:%N,4096,0,2000
19:24:07:%N,4096,0,2000
19:24:07:%N,4096,0,2000
19:24:07:%N,4096,0,2000
19:24:07:%N,4096,0,2000
19:24:07:%N,4096,0,2000
19:24:08:%N,4096,0,2000
19:24:08:%N,4096,0,2000
19:24:08:%N,4096,0,2000
19:24:08:%N,4096,0,2000
19:24:08:%N,4096,0,2000
19:24:08:%N,4096,0,2000
19:24:08:%N,4096,0,2000
19:24:08:%N,4096,0,2000
19:24:08:%N,4096,0,2000
19:24:09:%N,4096,0,2000
19:24:09:%N,4096,0,2000
19:24:09:%N,4096,0,2000
19:24:09:%N,4096,0,2000
19:24:09:%N,4096,0,2000
19:24:09:%N,4096,0,2000
19:24:09:%N,4096,0,2000
19:24:09:%N,4096,0,2000
19:24:09:%N,4096,0,2000
19:24:09:%N,4096,0,2000
19:24:10:%N,4096,0,2000
19:24:10:%N,4096,0,2000
19:24:10:%N,4096,0,2000
19:24:10:%N,4096,0,2000
19:24:10:%N,4096,0,2000
19:24:10:%N,4096,0,2000
19:24:10:%N,4096,0,2000
19:24:10:%N,4096,0,2000
19:24:10:%N,4096,0,2000
19:24:11:%N,4096,0,2000
19:24:11:%N,4096,0,2000
19:24:11:%N,4096,0,2000
19:24:11:%N,4096,0,2000
19:24:11:%N,4096,0,2000
19:24:11:%N,4096,0,2000
19:24:11:%N,4096,0,2000
19:24:11:%N,4096,0,2000
19:24:11:%N,4096,0,2000
19:24:11:%N,4096,0,2000
19:24:12:%N,4096,0,2000
19:24:12:%N,4096,0,2000
19:24:12:%N,4096,0,2000
19:24:12:%N,4096,0,2000
19:24:12:%N,4096,0,2000
19:24:12:%N,4096,0,2000
19:24:12:%N,4096,0,2000
19:24:12:%N,4096,0,2000
19:24:12:%N,4096,0,2000
19:24:13:%N,4096,0,2000
19:24:13:%N,4096,0,2000
19:24:13:%N,4096,0,2000
19:24:13:%N,4096,0,2000
19:24:13:%N,4096,0,2000
19:24:13:%N,4096,0,2000
19:24:13:%N,4096,0,2000
19:24:13:%N,4096,0,2000
19:24:13:%N,4096,0,2000
19:24:13:%N,0,0,2000
19:24:14:%N,0,0,2000
19:24:14:%N,0,0,2000
19:24:14:%N,0,0,2000
19:24:14:%N,0,0,2000
19:24:14:%N,0,0,2000
19:24:14:%N,0,0,2000
19:24:14:%N,0,0,2000
19:24:14:%N,0,0,2000
19:24:14:%N,0,0,2000
19:24:15:%N,0,0,2000
19:24:15:%N,0,0,2000
19:24:15:%N,0,0,2000
19:24:15:%N,0,0,2000
19:24:15:%N,0,0,2000
19:24:15:%N,0,0,2000
19:24:15:%N,0,0,2000
19:24:15:%N,0,0,2000
19:24:15:%N,0,0,2000
19:24:16:%N,0,0,2000
19:24:16:%N,0,0,2000
19:24:16:%N,0,0,2000
19:24:16:%N,0,0,2000
19:24:16:%N,0,0,2000
19:24:16:%N,0,0,2000
19:24:16:%N,0,0,2000
19:24:16:%N,0,0,2000
19:24:16:%N,0,0,2000
19:24:16:%N,0,0,2000
19:24:17:%N,0,0,2000
19:24:17:%N,0,0,2000
19:24:17:%N,0,0,2000
19:24:17:%N,0,0,2000
19:24:17:%N,0,0,2000
19:24:17:%N,0,0,2000
19:24:17:%N,0,0,2000
19:24:17:%N,0,0,2000
19:24:17:%N,0,0,2000
19:24:18:%N,0,0,2000
19:24:18:%N,0,0,2000
19:24:18:%N,0,0,2000
19:24:18:%N,0,0,2000
19:24:18:%N,0,0,2000
19:24:18:%N,0,0,2000
19:24:18:%N,0,0,2000
19:24:18:%N,0,0,2000
19:24:18:%N,0,0,2000
19:24:18:%N,0,0,2000
19:24:19:%N,0,0,2000
19:24:19:%N,0,0,2000
19:24:19:%N,0,0,2000
19:24:19:%N,0,0,2000
19:24:19:%N,0,0,2000
19:24:19:%N,0,0,2000
19:24:19:%N,0,0,2000
19:24:19:%N,0,0,2000
19:24:19:%N,0,0,2000
19:24:20:%N,0,0,2000
19:24:20:%N,0,0,2000
19:24:20:%N,0,0,2000
19:24:20:%N,0,0,2000
19:24:20:%N,0,0,2000
19:24:20:%N,0,0,2000
19:24:20:%N,0,0,2000
19:24:20:%N,0,0,2000
19:24:20:%N,0,0,2000
19:24:20:%N,0,0,2000
19:24:21:%N,0,0,2000
19:24:21:%N,0,0,2000
19:24:21:%N,0,0,2000
19:24:21:%N,0,0,2000
19:24:21:%N,0,0,2000
19:24:21:%N,0,0,2000
19:24:21:%N,0,0,2000
19:24:21:%N,0,0,2000
19:24:22:%N,0,0,2000
19:24:22:%N,0,0,2000
19:24:22:%N,0,0,2000
19:24:22:%N,0,0,2000
19:24:22:%N,0,0,2000
19:24:22:%N,0,0,2000
19:24:22:%N,0,0,2000
19:24:22:%N,0,0,2000
19:24:22:%N,0,0,2000
19:24:23:%N,0,0,2000
19:24:23:%N,0,0,2000
19:24:23:%N,0,0,2000
19:24:23:%N,0,0,2000
19:24:23:%N,0,0,2000
19:24:23:%N,0,0,2000
19:24:23:%N,0,0,2000
19:24:23:%N,0,0,2000
19:24:23:%N,0,0,2000
19:24:24:%N,0,0,2000
19:24:24:%N,0,0,2000
19:24:24:%N,0,0,2000
19:24:24:%N,0,0,2000
19:24:24:%N,0,0,2000
19:24:24:%N,0,0,2000
19:24:24:%N,0,0,2000
19:24:24:%N,0,0,2000
19:24:24:%N,0,0,2000
19:24:24:%N,0,0,2000
19:24:25:%N,0,0,2000
19:24:25:%N,0,0,2000
19:24:25:%N,0,0,2000
19:24:25:%N,0,0,2000
19:24:25:%N,0,0,2000
19:24:25:%N,0,0,2000
19:24:25:%N,0,0,2000
19:24:25:%N,0,0,2000
19:24:25:%N,0,0,2000
19:24:26:%N,0,0,2000
19:24:26:%N,0,0,2000
19:24:26:%N,0,0,2000
19:24:26:%N,0,0,2000
19:24:26:%N,0,0,2000
19:24:26:%N,0,0,2000
19:24:26:%N,0,0,2000
19:24:26:%N,0,0,2000
19:24:26:%N,0,0,2000
19:24:27:%N,0,0,2000
19:24:27:%N,0,0,2000
19:24:27:%N,0,0,2000
19:24:27:%N,0,0,2000
19:24:27:%N,0,0,2000
19:24:27:%N,0,0,2000
19:24:27:%N,472,0,2000
19:24:27:%N,944,0,2000
19:24:27:%N,1421,0,2000
19:24:27:%N,1933,0,2000
19:24:28:%N,2468,0,2000
19:24:28:%N,3002,0,2000
19:24:28:%N,3519,0,2000
19:24:28:%N,4022,0,2000
19:24:28:%N,4096,0,2000
19:24:28:%N,4096,0,2000
19:24:28:%N,4096,0,2000
19:24:28:%N,4096,0,2000
19:24:28:%N,4096,0,2000
19:24:29:%N,4096,0,2000
19:24:29:%N,4096,0,2000
19:24:29:%N,4096,0,2000
19:24:29:%N,4096,0,2000
19:24:29:%N,4096,0,2000
19:24:29:%N,4096,0,2000
19:24:29:%N,4096,0,2000
19:24:29:%N,4096,0,2000
19:24:29:%N,4096,0,2000
19:24:30:%N,4096,0,2000
19:24:30:%N,4096,0,2000
19:24:30:%N,4096,0,2000
19:24:30:%N,4096,0,2000
19:24:30:%N,4096,0,2000
19:24:30:%N,4096,0,2000
19:24:30:%N,4096,0,2000
19:24:30:%N,4096,0,2000
19:24:30:%N,4096,0,2000
19:24:31:%N,4096,0,2000
19:24:31:%N,4096,0,2000
19:24:31:%N,4096,0,2000
19:24:31:%N,4096,0,2000
19:24:31:%N,4096,0,2000
19:24:31:%N,4096,0,2000
19:24:31:%N,4096,0,2000
19:24:31:%N,4096,0,2000
19:24:31:%N,4096,0,2000
19:24:31:%N,4096,0,2000
19:24:32:%N,4096,0,2000
19:24:32:%N,4096,0,2000
19:24:32:%N,4096,0,2000
19:24:32:%N,4096,0,2000
19:24:32:%N,4096,0,2000
19:24:32:%N,4096,0,2000
19:24:32:%N,4096,0,2000
19:24:32:%N,4096,0,2000
19:24:32:%N,4096,0,2000
19:24:33:%N,4096,0,2000
19:24:33:%N,4096,0,2000
19:24:33:%N,4096,0,2000
19:24:33:%N,4096,0,2000
19:24:33:%N,4096,0,2000
19:24:33:%N,4096,0,2000
19:24:33:%N,4096,0,2000
19:24:33:%N,4096,0,2000
19:24:33:%N,4096,0,2000
19:24:34:%N,4096,0,2000
19:24:34:%N,4096,0,2000
19:24:34:%N,4096,0,2000
19:24:34:%N,4096,0,2000
19:24:34:%N,4096,0,2000
19:24:34:%N,4096,0,2000
19:24:34:%N,4096,0,2000
19:24:34:%N,4096,0,2000
19:24:34:%N,4096,0,2000
19:24:35:%N,4096,0,2000
19:24:35:%N,4096,0,2000
19:24:35:%N,4096,0,2000
19:24:35:%N,4096,0,2000
19:24:35:%N,4096,0,2000
19:24:35:%N,4096,0,2000
19:24:35:%N,4096,0,2000
19:24:35:%N,4096,0,2000
19:24:35:%N,4096,0,2000
19:24:36:%N,4096,0,2000
19:24:36:%N,4096,0,2000
19:24:36:%N,4096,0,2000
19:24:36:%N,4096,0,2000
19:24:36:%N,4096,0,2000
19:24:36:%N,4096,0,2000
19:24:36:%N,4096,0,2000
19:24:36:%N,4096,0,2000
19:24:36:%N,4096,0,2000
19:24:36:%N,4096,0,2000
19:24:37:%N,4096,0,2000
19:24:37:%N,4096,0,2000
19:24:37:%N,4096,0,2000
19:24:37:%N,4096,0,2000
19:24:37:%N,4096,0,2000
19:24:37:%N,4096,0,2000
19:24:37:%N,4096,0,2000
19:24:37:%N,4096,0,2000
19:24:38:%N,4096,0,2000
19:24:38:%N,4096,0,2000
19:24:38:%N,4096,0,2000
19:24:38:%N,4096,0,2000
19:24:38:%N,4096,0,2000
19:24:38:%N,4096,0,2000
19:24:38:%N,4096,0,2000
19:24:38:%N,4096,0,2000
19:24:38:%N,4096,0,2000
19:24:38:%N,4096,0,2000
19:24:39:%N,4096,0,2000
19:24:39:%N,4096,0,2000
19:24:39:%N,4096,0,2000
19:24:39:%N,4096,0,2000
19:24:39:%N,4096,0,2000
19:24:39:%N,4096,0,2000
19:24:39:%N,4096,0,2000
19:24:39:%N,4096,0,2000
19:24:39:%N,4096,0,2000
19:24:40:%N,4096,0,2000
19:24:40:%N,4096,0,2000
19:24:40:%N,4096,0,2000
19:24:40:%N,4096,0,2000
19:24:40:%N,4096,0,2000
19:24:40:%N,4096,0,2000
19:24:40:%N,4096,0,2000
19:24:40:%N,4096,0,2000
19:24:40:%N,4096,0,2000
19:24:41:%N,4096,0,2000
19:24:41:%N,4096,0,2000
19:24:41:%N,4096,0,2000
19:24:41:%N,4096,0,2000
19:24:41:%N,4096,0,2000
19:24:41:%N,4096,0,2000
19:24:41:%N,4096,0,2000
19:24:41:%N,4096,0,2000
19:24:41:%N,4096,0,2000
19:24:42:%N,4096,0,2000
19:24:42:%N,4096,0,2000
19:24:42:%N,4096,0,2000
19:24:42:%N,4096,0,2000
19:24:42:%N,4096,0,2000
19:24:42:%N,4096,0,2000
19:24:42:%N,4096,0,2000
19:24:42:%N,4096,0,2000
19:24:42:%N,4096,0,2000
19:24:43:%N,4096,0,2000
19:24:43:%N,4096,0,2000
19:24:43:%N,4096,0,2000
19:24:43:%N,4096,0,2000
19:24:43:%N,4096,0,2000
19:24:43:%N,4096,0,2000
19:24:43:%N,0,0,2000
19:24:43:%N,0,0,2000
19:24:43:%N,0,0,2000
19:24:43:%N,0,0,2000
19:24:44:%N,0,0,2000
19:24:44:%N,0,0,2000
19:24:44:%N,0,0,2000
19:24:44:%N,0,0,2000
19:24:44:%N,0,0,2000
19:24:44:%N,0,0,2000
19:24:44:%N,0,0,2000
19:24:44:%N,0,0,2000
19:24:44:%N,0,0,2000
19:24:45:%N,0,0,2000
19:24:45:%N,0,0,2000
19:24:45:%N,0,0,2000
19:24:45:%N,0,0,2000
19:24:45:%N,0,0,2000
19:24:45:%N,0,0,2000
19:24:45:%N,0,0,2000
19:24:45:%N,0,0,2000
19:24:45:%N,0,0,2000
19:24:46:%N,0,0,2000
19:24:46:%N,0,0,2000
19:24:46:%N,0,0,2000
19:24:46:%N,0,0,2000
19:24:46:%N,0,0,2000
19:24:46:%N,0,0,2000
19:24:46:%N,0,0,2000
19:24:46:%N,0,0,2000
19:24:46:%N,0,0,2000
19:24:47:%N,0,0,2000
19:24:47:%N,0,0,2000
19:24:47:%N,0,0,2000
19:24:47:%N,0,0,2000
19:24:47:%N,0,0,2000
19:24:47:%N,0,0,2000
19:24:47:%N,0,0,2000
19:24:47:%N,0,0,2000
19:24:47:%N,0,0,2000
19:24:47:%N,0,0,2000
19:24:48:%N,0,0,2000
19:24:48:%N,0,0,2000
19:24:48:%N,0,0,2000
19:24:48:%N,0,0,2000
19:24:48:%N,0,0,2000
19:24:48:%N,0,0,2000
19:24:48:%N,0,0,2000
19:24:48:%N,0,0,2000
19:24:48:%N,0,0,2000
19:24:49:%N,0,0,2000
19:24:49:%N,0,0,2000
19:24:49:%N,0,0,2000
19:24:49:%N,0,0,2000
19:24:49:%N,0,0,2000
19:24:49:%N,0,0,2000
19:24:49:%N,0,0,2000
19:24:49:%N,0,0,2000
19:24:49:%N,0,0,2000
19:24:50:%N,0,0,2000
19:24:50:%N,0,0,2000
19:24:50:%N,0,0,2000
19:24:50:%N,0,0,2000
19:24:50:%N,0,0,2000
19:24:50:%N,0,0,2000
19:24:50:%N,0,0,2000
19:24:50:%N,0,0,2000
19:24:50:%N,0,0,2000
19:24:51:%N,0,0,2000
19:24:51:%N,0,0,2000
19:24:51:%N,0,0,2000
19:24:51:%N,0,0,2000
19:24:51:%N,0,0,2000
19:24:51:%N,0,0,2000
19:24:51:%N,0,0,2000
19:24:51:%N,0,0,2000
19:24:51:%N,0,0,2000
19:24:52:%N,0,0,2000
19:24:52:%N,0,0,2000
19:24:52:%N,0,0,2000
19:24:52:%N,0,0,2000
19:24:52:%N,0,0,2000
19:24:52:%N,0,0,2000
19:24:52:%N,0,0,2000
19:24:52:%N,0,0,2000
19:24:52:%N,0,0,2000
19:24:52:%N,0,0,2000
19:24:53:%N,0,0,2000
19:24:53:%N,0,0,2000
19:24:53:%N,0,0,2000
19:24:53:%N,0,0,2000
19:24:53:%N,0,0,2000
19:24:53:%N,0,0,2000
19:24:53:%N,0,0,2000
19:24:53:%N,0,0,2000
19:24:53:%N,0,0,2000
19:24:54:%N,0,0,2000
19:24:54:%N,0,0,2000
19:24:54:%N,0,0,2000
19:24:54:%N,0,0,2000
19:24:54:%N,0,0,2000
19:24:54:%N,0,0,2000
19:24:54:%N,0,0,2000
19:24:54:%N,0,0,2000
19:24:54:%N,0,0,2000
19:24:55:%N,0,0,2000
19:24:55:%N,0,0,2000
19:24:55:%N,0,0,2000
19:24:55:%N,0,0,2000
19:24:55:%N,0,0,2000
19:24:55:%N,0,0,2000
19:24:55:%N,0,0,2000
19:24:55:%N,0,0,2000
19:24:55:%N,0,0,2000
19:24:56:%N,0,0,2000
19:24:56:%N,0,0,2000
19:24:56:%N,0,0,2000
19:24:56:%N,0,0,2000
19:24:56:%N,0,0,2000
19:24:56:%N,0,0,2000
19:24:56:%N,0,0,2000
19:24:56:%N,0,0,2000
19:24:56:%N,0,0,2000
19:24:56:%N,0,0,2000
19:24:57:%N,0,0,2000
19:24:57:%N,0,0,2000
19:24:57:%N,60,0,2000
19:24:57:%N,538,0,2000
19:24:57:%N,996,0,2000
19:24:57:%N,1453,0,2000
19:24:57:%N,1928,0,2000
19:24:57:%N,2438,0,2000
19:24:57:%N,2968,0,2000
19:24:58:%N,3502,0,2000
19:24:58:%N,4014,0,2000
19:24:58:%N,4096,0,2000
19:24:58:%N,4096,0,2000
19:24:58:%N,4096,0,2000
19:24:58:%N,4096,0,2000
19:24:58:%N,4096,0,2000
19:24:58:%N,4096,0,2000
19:24:58:%N,4096,0,2000
19:24:59:%N,4096,0,2000
19:24:59:%N,4096,0,2000
19:24:59:%N,4096,0,2000
19:24:59:%N,4096,0,2000
19:24:59:%N,4096,0,2000
19:24:59:%N,4096,0,2000
19:24:59:%N,4096,0,2000
19:24:59:%N,4096,0,2000
19:24:59:%N,4096,0,2000
19:25:00:%N,4096,0,2000
19:25:00:%N,4096,0,2000
19:25:00:%N,4096,0,2000
19:25:00:%N,4096,0,2000
19:25:00:%N,4096,0,2000
19:25:00:%N,4096,0,2000
19:25:00:%N,4096,0,2000
19:25:00:%N,4096,0,2000
19:25:00:%N,4096,0,2000
19:25:01:%N,4096,0,2000
19:25:01:%N,4096,0,2000
19:25:01:%N,4096,0,2000
19:25:01:%N,4096,0,2000
19:25:01:%N,4096,0,2000
19:25:01:%N,4096,0,2000
19:25:01:%N,4096,0,2000
19:25:01:%N,4096,0,2000
19:25:01:%N,4096,0,2000
19:25:01:%N,4096,0,2000
19:25:02:%N,4096,0,2000
19:25:02:%N,4096,0,2000
19:25:02:%N,4096,0,2000
19:25:02:%N,4096,0,2000
19:25:02:%N,4096,0,2000
19:25:02:%N,4096,0,2000
19:25:02:%N,4096,0,2000
19:25:02:%N,4096,0,2000
19:25:02:%N,4096,0,2000
19:25:03:%N,4096,0,2000
19:25:03:%N,4096,0,2000
19:25:03:%N,4096,0,2000
19:25:03:%N,4096,0,2000
19:25:03:%N,4096,0,2000
19:25:03:%N,4096,0,2000
19:25:03:%N,4096,0,2000
19:25:03:%N,4096,0,2000
19:25:03:%N,4096,0,2000
19:25:04:%N,4096,0,2000
19:25:04:%N,4096,0,2000
19:25:04:%N,4096,0,2000
19:25:04:%N,4096,0,2000
19:25:04:%N,4096,0,2000
19:25:04:%N,4096,0,2000
19:25:04:%N,4096,0,2000
19:25:04:%N,4096,0,2000
19:25:04:%N,4096,0,2000
19:25:05:%N,4096,0,2000
19:25:05:%N,4096,0,2000
19:25:05:%N,4096,0,2000
19:25:05:%N,4096,0,2000
19:25:05:%N,4096,0,2000
19:25:05:%N,4096,0,2000
19:25:05:%N,4096,0,2000
19:25:05:%N,4096,0,2000
19:25:05:%N,4096,0,2000
19:25:06:%N,4096,0,2000
19:25:06:%N,4096,0,2000
19:25:06:%N,4096,0,2000
19:25:06:%N,4096,0,2000
19:25:06:%N,4096,0,2000
19:25:06:%N,4096,0,2000
19:25:06:%N,4096,0,2000
19:25:06:%N,4096,0,2000
19:25:06:%N,4096,0,2000
19:25:06:%N,4096,0,2000
19:25:07:%N,4096,0,2000
19:25:07:%N,4096,0,2000
19:25:07:%N,4096,0,2000
19:25:07:%N,4096,0,2000
19:25:07:%N,4096,0,2000
19:25:07:%N,4096,0,2000
19:25:07:%N,4096,0,2000
19:25:07:%N,4096,0,2000
19:25:07:%N,4096,0,2000
19:25:08:%N,4096,0,2000
19:25:08:%N,4096,0,2000
19:25:08:%N,4096,0,2000
19:25:08:%N,4096,0,2000
19:25:08:%N,4096,0,2000
19:25:08:%N,4096,0,2000
19:25:08:%N,4096,0,2000
19:25:08:%N,4096,0,2000
19:25:08:%N,4096,0,2000
19:25:09:%N,4096,0,2000
19:25:09:%N,4096,0,2000
19:25:09:%N,4096,0,2000
19:25:09:%N,4096,0,2000
19:25:09:%N,4096,0,2000
19:25:09:%N,4096,0,2000
19:25:09:%N,4096,0,2000
19:25:09:%N,4096,0,2000
19:25:09:%N,4096,0,2000
19:25:10:%N,4096,0,2000
19:25:10:%N,4096,0,2000
19:25:10:%N,4096,0,2000
19:25:10:%N,4096,0,2000
19:25:10:%N,4096,0,2000
19:25:10:%N,4096,0,2000
19:25:10:%N,4096,0,2000
19:25:10:%N,4096,0,2000
19:25:10:%N,4096,0,2000
19:25:11:%N,4096,0,2000
19:25:11:%N,4096,0,2000
19:25:11:%N,4096,0,2000
19:25:11:%N,4096,0,2000
19:25:11:%N,4096,0,2000
19:25:11:%N,4096,0,2000
19:25:11:%N,4096,0,2000
19:25:11:%N,4096,0,2000
19:25:11:%N,4096,0,2000
19:25:11:%N,4096,0,2000
19:25:12:%N,4096,0,2000
19:25:12:%N,4096,0,2000
19:25:12:%N,4096,0,2000
19:25:12:%N,4096,0,2000
19:25:12:%N,4096,0,2000
19:25:12:%N,4096,0,2000
19:25:12:%N,4096,0,2000
19:25:12:%N,4096,0,2000
19:25:12:%N,4096,0,2000
19:25:13:%N,4096,0,2000
19:25:13:%N,4096,0,2000
19:25:13:%N,4096,0,2000
19:25:13:%N,0,0,2000
19:25:13:%N,0,0,2000
19:25:13:%N,0,0,2000
19:25:13:%N,0,0,2000
19:25:13:%N,0,0,2000
19:25:13:%N,0,0,2000
19:25:14:%N,0,0,2000
19:25:14:%N,0,0,2000
19:25:14:%N,0,0,2000
19:25:14:%N,0,0,2000
19:25:14:%N,0,0,2000
19:25:14:%N,0,0,2000
19:25:14:%N,0,0,2000
19:25:14:%N,0,0,2000
19:25:14:%N,0,0,2000
19:25:15:%N,0,0,2000
19:25:15:%N,0,0,2000
19:25:15:%N,0,0,2000
19:25:15:%N,0,0,2000
19:25:15:%N,0,0,2000
19:25:15:%N,0,0,2000
19:25:15:%N,0,0,2000
19:25:15:%N,0,0,2000
19:25:15:%N,0,0,2000
19:25:16:%N,0,0,2000
19:25:16:%N,0,0,2000
19:25:16:%N,0,0,2000
19:25:16:%N,0,0,2000
19:25:16:%N,0,0,2000
19:25:16:%N,0,0,2000
19:25:16:%N,0,0,2000
19:25:16:%N,0,0,2000
19:25:16:%N,0,0,2000
19:25:17:%N,0,0,2000
19:25:17:%N,0,0,2000
19:25:17:%N,0,0,2000
19:25:17:%N,0,0,2000
19:25:17:%N,0,0,2000
19:25:17:%N,0,0,2000
19:25:17:%N,0,0,2000
19:25:17:%N,0,0,2000
19:25:17:%N,0,0,2000
19:25:17:%N,0,0,2000
19:25:18:%N,0,0,2000
19:25:18:%N,0,0,2000
19:25:18:%N,0,0,2000
19:25:18:%N,0,0,2000
19:25:18:%N,0,0,2000
19:25:18:%N,0,0,2000
19:25:18:%N,0,0,2000
19:25:18:%N,0,0,2000
19:25:18:%N,0,0,2000
19:25:19:%N,0,0,2000
19:25:19:%N,0,0,2000
19:25:19:%N,0,0,2000
19:25:19:%N,0,0,2000
19:25:19:%N,0,0,2000
19:25:19:%N,0,0,2000
19:25:19:%N,0,0,2000
19:25:19:%N,0,0,2000
19:25:19:%N,0,0,2000
19:25:20:%N,0,0,2000
19:25:20:%N,0,0,2000
19:25:20:%N,0,0,2000
19:25:20:%N,0,0,2000
19:25:20:%N,0,0,2000
19:25:20:%N,0,0,2000
19:25:20:%N,0,0,2000
19:25:20:%N,0,0,2000
19:25:20:%N,0,0,2000
19:25:21:%N,0,0,2000
19:25:21:%N,0,0,2000
19:25:21:%N,0,0,2000
19:25:21:%N,0,0,2000
19:25:21:%N,0,0,2000
19:25:21:%N,0,0,2000
19:25:21:%N,0,0,2000
19:25:21:%N,0,0,2000
19:25:21:%N,0,0,2000
19:25:22:%N,0,0,2000
19:25:22:%N,0,0,2000
19:25:22:%N,0,0,2000
19:25:22:%N,0,0,2000
19:25:22:%N,0,0,2000
19:25:22:%N,0,0,2000
19:25:22:%N,0,0,2000
19:25:22:%N,0,0,2000
19:25:22:%N,0,0,2000
19:25:23:%N,0,0,2000
19:25:23:%N,0,0,2000
19:25:23:%N,0,0,2000
19:25:23:%N,0,0,2000
19:25:23:%N,0,0,2000
19:25:23:%N,0,0,2000
19:25:23:%N,0,0,2000
19:25:23:%N,0,0,2000
19:25:23:%N,0,0,2000
19:25:24:%N,0,0,2000
19:25:24:%N,0,0,2000
19:25:24:%N,0,0,2000
19:25:24:%N,0,0,2000
19:25:24:%N,0,0,2000
19:25:24:%N,0,0,2000
19:25:24:%N,0,0,2000
19:25:24:%N,0,0,2000
19:25:24:%N,0,0,2000
19:25:24:%N,0,0,2000
19:25:25:%N,0,0,2000
19:25:25:%N,0,0,2000
19:25:25:%N,0,0,2000
19:25:25:%N,0,0,2000
19:25:25:%N,0,0,2000
19:25:25:%N,0,0,2000
19:25:25:%N,0,0,2000
19:25:25:%N,0,0,2000
19:25:25:%N,0,0,2000
19:25:26:%N,0,0,2000
19:25:26:%N,0,0,2000
19:25:26:%N,0,0,2000
19:25:26:%N,0,0,2000
19:25:26:%N,0,0,2000
19:25:26:%N,0,0,2000
19:25:26:%N,0,0,2000
19:25:26:%N,0,0,2000
19:25:27:%N,0,0,2000
19:25:27:%N,180,0,2000
19:25:27:%N,621,0,2000
19:25:27:%N,1123,0,2000
19:25:27:%N,1632,0,2000
19:25:27:%N,2112,0,2000
19:25:27:%N,2603,0,2000
19:25:27:%N,3066,0,2000
19:25:27:%N,3540,0,2000
19:25:27:%N,4007,0,2000
19:25:28:%N,4096,0,2000
19:25:28:%N,4096,0,2000
19:25:28:%N,4096,0,2000
19:25:28:%N,4096,0,2000
19:25:28:%N,4096,0,2000
19:25:28:%N,4096,0,2000
19:25:28:%N,4096,0,2000
19:25:28:%N,4096,0,2000
19:25:28:%N,4096,0,2000
19:25:29:%N,4096,0,2000
19:25:29:%N,4096,0,2000
19:25:29:%N,4096,0,2000
19:25:29:%N,4096,0,2000
19:25:29:%N,4096,0,2000
19:25:29:%N,4096,0,2000
19:25:29:%N,4096,0,2000
19:25:29:%N,4096,0,2000
19:25:29:%N,4096,0,2000
19:25:29:%N,4096,0,2000
19:25:30:%N,4096,0,2000
19:25:30:%N,4096,0,2000
19:25:30:%N,4096,0,2000
19:25:30:%N,4096,0,2000
19:25:30:%N,4096,0,2000
19:25:30:%N,4096,0,2000
19:25:30:%N,4096,0,2000
19:25:30:%N,4096,0,2000
19:25:30:%N,4096,0,2000
19:25:31:%N,4096,0,2000
19:25:31:%N,4096,0,2000
19:25:31:%N,4096,0,2000
19:25:31:%N,4096,0,2000
19:25:31:%N,4096,0,2000
19:25:31:%N,4096,0,2000
19:25:31:%N,4096,0,2000
19:25:31:%N,4096,0,2000
19:25:31:%N,4096,0,2000
19:25:32:%N,4096,0,2000
19:25:32:%N,4096,0,2000
19:25:32:%N,4096,0,2000
19:25:32:%N,4096,0,2000
19:25:32:%N,4096,0,2000
19:25:32:%N,4096,0,2000
19:25:32:%N,4096,0,2000
19:25:32:%N,4096,0,2000
19:25:32:%N,4096,0,2000
19:25:33:%N,4096,0,2000
19:25:33:%N,4096,0,2000
19:25:33:%N,4096,0,2000
19:25:33:%N,4096,0,2000
19:25:33:%N,4096,0,2000
19:25:33:%N,4096,0,2000
19:25:33:%N,4096,0,2000
19:25:33:%N,4096,0,2000
19:25:33:%N,4096,0,2000
19:25:34:%N,4096,0,2000
19:25:34:%N,4096,0,2000
19:25:34:%N,4096,0,2000
19:25:34:%N,4096,0,2000
19:25:34:%N,4096,0,2000
19:25:34:%N,4096,0,2000
19:25:34:%N,4096,0,2000
19:25:34:%N,4096,0,2000
19:25:34:%N,4096,0,2000
19:25:35:%N,4096,0,2000
19:25:35:%N,4096,0,2000
19:25:35:%N,4096,0,2000
19:25:35:%N,4096,0,2000
19:25:35:%N,4096,0,2000
19:25:35:%N,4096,0,2000
19:25:35:%N,4096,0,2000
19:25:35:%N,4096,0,2000
19:25:35:%N,4096,0,2000
19:25:36:%N,4096,0,2000
19:25:36:%N,4096,0,2000
19:25:36:%N,4096,0,2000
19:25:36:%N,4096,0,2000
19:25:36:%N,4096,0,2000
19:25:36:%N,4096,0,2000
19:25:36:%N,4096,0,2000
19:25:36:%N,4096,0,2000
19:25:36:%N,4096,0,2000
19:25:36:%N,4096,0,2000
19:25:37:%N,4096,0,2000
19:25:37:%N,4096,0,2000
19:25:37:%N,4096,0,2000
19:25:37:%N,4096,0,2000
