18:12:49:%N,0,-44,2000
18:12:49:%N,0,-44,2000
18:12:50:%N,0,-44,2000
18:12:50:%N,0,-44,2000
18:12:50:%N,4096,-44,2000
18:12:50:%N,0,-44,2000
18:12:50:%N,4096,-44,2000
18:12:50:%N,0,-44,2000
18:12:50:%N,4096,-44,2000
18:12:51:%N,0,-44,2000
18:12:51:%N,4096,-44,2000
18:12:51:%N,4096,-44,2000
18:12:51:%N,0,-44,2000
18:12:51:%N,4096,-44,2000
18:12:51:%N,2351,-44,2000
18:12:51:%N,0,-44,2000
18:12:51:%N,4096,-44,2000
18:12:51:%N,4096,-44,2000
18:12:52:%N,0,-44,2000
18:12:52:%N,0,-44,2000
18:12:52:%N,4096,-44,2000
18:12:52:%N,4096,-44,2000
18:12:52:%N,4096,-44,2000
18:12:52:%N,0,-44,2000
18:12:52:%N,0,-44,2000
18:12:52:%N,4096,-44,2000
18:12:52:%N,4096,-44,2000
18:12:52:%N,0,-44,2000
18:12:53:%N,0,-44,2000
18:12:53:%N,4096,-44,2000
18:12:53:%N,4096,-44,2000
18:12:53:%N,0,-44,2000
18:12:53:%N,0,-44,2000
18:12:53:%N,0,-44,2000
18:12:53:%N,4096,-44,2000
18:12:53:%N,4096,-44,2000
18:12:53:%N,0,-44,2000
18:12:54:%N,4096,-44,2000
18:12:54:%N,2155,-44,2000
18:12:54:%N,0,-44,2000
18:12:54:%N,4096,-44,2000
18:12:54:%N,0,-44,2000
18:12:54:%N,4096,-44,2000
18:12:54:%N,657,-44,2000
18:12:54:%N,0,-44,2000
18:12:54:%N,4096,-44,2000
18:12:55:%N,0,-44,2000
18:12:55:%N,0,-44,2000
18:12:55:%N,4096,-44,2000
18:12:55:%N,0,-44,2000
18:12:55:%N,0,-44,2000
18:12:55:%N,4096,-44,2000
18:12:55:%N,4096,-44,2000
18:12:55:%N,4096,-44,2000
18:12:55:%N,596,-44,2000
18:12:56:%N,0,-44,2000
18:12:56:%N,4096,-44,2000
18:12:56:%N,4096,-44,2000
18:12:56:%N,0,-44,2000
18:12:56:%N,4096,-44,2000
18:12:56:%N,0,-44,2000
18:12:56:%N,4096,-44,2000
18:12:56:%N,0,-44,2000
18:12:56:%N,4096,-44,2000
18:12:57:%N,4096,-44,2000
18:12:57:%N,0,-44,2000
18:12:57:%N,4096,-44,2000
18:12:57:%N,0,-44,2000
18:12:57:%N,4096,-44,2000
18:12:57:%N,4096,-44,2000
18:12:57:%N,0,-44,2000
18:12:57:%N,0,-44,2000
18:12:57:%N,4096,-44,2000
18:12:58:%N,4096,-44,2000
18:12:58:%N,0,-44,2000
18:12:58:%N,0,-44,2000
18:12:58:%N,4096,-44,2000
18:12:58:%N,4096,-44,2000
18:12:58:%N,0,-44,2000
18:12:58:%N,4096,-44,2000
18:12:58:%N,0,-44,2000
18:12:58:%N,0,-44,2000
18:12:59:%N,4096,-44,2000
18:12:59:%N,0,-44,2000
18:12:59:%N,0,-44,2000
18:12:59:%N,4096,-44,2000
18:12:59:%N,0,-44,2000
18:12:59:%N,4096,-44,2000
18:12:59:%N,0,-44,2000
18:12:59:%N,4096,-44,2000
18:13:00:%N,4096,-44,2000
18:13:00:%N,4096,-44,2000
18:13:00:%N,0,-44,2000
18:13:00:%N,0,-44,2000
18:13:00:%N,0,-44,2000
18:13:00:%N,4096,-44,2000
18:13:00:%N,0,-44,2000
18:13:00:%N,0,-44,2000
18:13:00:%N,4096,-44,2000
18:13:01:%N,0,-44,2000
18:13:01:%N,3046,-44,2000
18:13:01:%N,0,-44,2000
18:13:01:%N,0,-44,2000
18:13:01:%N,4096,-44,2000
18:13:02:%N,0,-44,2000
18:13:02:%N,0,-44,2000
18:13:02:%N,4096,-44,2000
18:13:02:%N,0,-44,2000
18:13:02:%N,4096,-44,2000
18:13:02:%N,4096,-44,2000
18:13:02:%N,0,-44,2000
18:13:02:%N,0,-44,2000
18:13:03:%N,0,-44,2000
18:13:03:%N,4096,-44,2000
18:13:03:%N,4096,-44,2000
18:13:03:%N,0,-44,2000
18:13:03:%N,0,-44,2000
18:13:03:%N,4096,-44,2000
18:13:03:%N,4096,-44,2000
18:13:03:%N,0,-44,2000
18:13:03:%N,0,-44,2000
18:13:04:%N,4096,-44,2000
18:13:04:%N,0,-44,2000
18:13:04:%N,4096,-44,2000
18:13:04:%N,0,-44,2000
18:13:04:%N,4096,-44,2000
18:13:04:%N,0,-44,2000
18:13:04:%N,4096,-44,2000
18:13:04:%N,0,-44,2000
18:13:05:%N,0,-44,2000
18:13:05:%N,4096,-44,2000
18:13:05:%N,0,-44,2000
18:13:05:%N,4096,-44,2000
18:13:05:%N,4096,-44,2000
18:13:05:%N,0,-44,2000
18:13:05:%N,0,-44,2000
18:13:05:%N,4096,-44,2000
18:13:05:%N,1460,-44,2000
18:13:06:%N,0,-44,2000
18:13:06:%N,0,-44,2000
18:13:06:%N,4096,-44,2000
18:13:06:%N,4096,-44,2000
18:13:06:%N,0,-44,2000
18:13:06:%N,4096,-44,2000
18:13:06:%N,0,-44,2000
18:13:06:%N,4096,-44,2000
18:13:06:%N,0,-44,2000
18:13:07:%N,4096,-44,2000
18:13:07:%N,0,-44,2000
18:13:07:%N,0,-44,2000
18:13:07:%N,4096,-44,2000
18:13:07:%N,0,-44,2000
18:13:07:%N,4096,-44,2000
18:13:07:%N,4096,-44,2000
18:13:07:%N,4096,-44,2000
18:13:08:%N,0,-44,2000
18:13:08:%N,4096,-44,2000
18:13:08:%N,0,-44,2000
18:13:08:%N,0,-44,2000
18:13:08:%N,4096,-44,2000
18:13:08:%N,4096,-44,2000
18:13:08:%N,0,-44,2000
18:13:08:%N,0,-44,2000
18:13:08:%N,4096,-44,2000
18:13:09:%N,4096,-44,2000
18:13:09:%N,0,-44,2000
18:13:09:%N,4096,-44,2000
18:13:09:%N,0,-44,2000
18:13:09:%N,4096,-44,2000
18:13:09:%N,0,-44,2000
18:13:09:%N,4096,-44,2000
18:13:09:%N,376,-44,2000
18:13:10:%N,0,-44,2000
18:13:10:%N,0,-44,2000
18:13:10:%N,4096,-44,2000
18:13:10:%N,4096,-44,2000
18:13:10:%N,0,-44,2000
18:13:10:%N,0,-44,2000
18:13:10:%N,0,-44,2000
18:13:10:%N,4096,-44,2000
18:13:10:%N,4096,-44,2000
18:13:11:%N,0,-44,2000
18:13:11:%N,4096,-44,2000
18:13:11:%N,0,-44,2000
18:13:11:%N,4096,-44,2000
18:13:11:%N,0,-44,2000
18:13:11:%N,4096,-44,2000
18:13:11:%N,0,-44,2000
18:13:11:%N,0,-44,2000
18:13:11:%N,4096,-44,2000
18:13:12:%N,0,-44,2000
18:13:12:%N,4096,-44,2000
18:13:12:%N,4096,-44,2000
18:13:12:%N,0,-44,2000
18:13:12:%N,0,-44,2000
18:13:12:%N,4096,-44,2000
18:13:12:%N,4096,-44,2000
18:13:12:%N,0,-44,2000
18:13:12:%N,0,-44,2000
18:13:13:%N,4096,-44,2000
18:13:13:%N,4096,-44,2000
18:13:13:%N,2718,-44,2000
18:13:13:%N,0,-44,2000
18:13:13:%N,4096,-44,2000
18:13:13:%N,0,-44,2000
18:13:13:%N,4096,-44,2000
18:13:13:%N,4096,-44,2000
18:13:13:%N,0,-44,2000
18:13:14:%N,4096,-44,2000
18:13:14:%N,0,-44,2000
18:13:14:%N,4096,-44,2000
18:13:14:%N,0,-44,2000
18:13:14:%N,0,-44,2000
18:13:14:%N,4096,-44,2000
18:13:14:%N,4096,-44,2000
18:13:14:%N,0,-44,2000
18:13:15:%N,0,-44,2000
18:13:15:%N,4096,-44,2000
18:13:15:%N,4096,-44,2000
18:13:15:%N,0,-44,2000
18:13:15:%N,0,-44,2000
18:13:15:%N,4096,-44,2000
18:13:15:%N,0,-44,2000
18:13:15:%N,0,-44,2000
18:13:15:%N,4096,-44,2000
18:13:16:%N,0,-44,2000
18:13:16:%N,4096,-44,2000
18:13:16:%N,0,-44,2000
18:13:16:%N,4096,-44,2000
18:13:16:%N,0,-44,2000
18:13:16:%N,4096,-44,2000
18:13:16:%N,4096,-44,2000
18:13:16:%N,0,-44,2000
18:13:16:%N,4096,-44,2000
18:13:17:%N,1171,-44,2000
18:13:17:%N,0,-44,2000
18:13:17:%N,0,-44,2000
18:13:17:%N,4096,-44,2000
18:13:17:%N,0,-44,2000
18:13:17:%N,0,-44,2000
18:13:17:%N,4096,-44,2000
18:13:17:%N,4096,-44,2000
18:13:17:%N,0,-44,2000
18:13:18:%N,0,-44,2000
18:13:18:%N,4096,-44,2000
18:13:18:%N,0,-44,2000
18:13:18:%N,4096,-44,2000
18:13:18:%N,0,-44,2000
18:13:18:%N,972,-44,2000
18:13:18:%N,0,-44,2000
18:13:18:%N,4096,-44,2000
18:13:19:%N,0,-44,2000
18:13:19:%N,4096,-44,2000
18:13:19:%N,3389,-44,2000
18:13:19:%N,0,-44,2000
18:13:19:%N,4096,-44,2000
18:13:19:%N,4096,-44,2000
18:13:19:%N,0,-44,2000
18:13:19:%N,0,-44,2000
18:13:19:%N,4096,-44,2000
18:13:20:%N,4096,-44,2000
18:13:20:%N,2534,-44,2000
18:13:20:%N,0,-44,2000
18:13:20:%N,4096,-44,2000
18:13:20:%N,4096,-44,2000
18:13:20:%N,0,-44,2000
18:13:20:%N,4096,-44,2000
18:13:20:%N,0,-44,2000
18:13:20:%N,4096,-44,2000
18:13:21:%N,0,-44,2000
18:13:21:%N,4096,-44,2000
18:13:21:%N,0,-44,2000
18:13:21:%N,4096,-44,2000
18:13:21:%N,0,-44,2000
18:13:21:%N,4096,-44,2000
18:13:21:%N,0,-44,2000
18:13:21:%N,0,-44,2000
18:13:22:%N,4096,-44,2000
18:13:22:%N,4096,-44,2000
18:13:22:%N,1780,-44,2000
18:13:22:%N,0,-44,2000
18:13:22:%N,4096,-44,2000
18:13:22:%N,4096,-44,2000
18:13:22:%N,0,-44,2000
18:13:22:%N,4096,-44,2000
18:13:22:%N,4096,-44,2000
18:13:23:%N,0,-44,2000
18:13:23:%N,0,-44,2000
18:13:23:%N,4096,-44,2000
18:13:23:%N,0,-44,2000
18:13:23:%N,0,-44,2000
18:13:23:%N,4096,-44,2000
18:13:23:%N,4096,-44,2000
18:13:23:%N,0,-44,2000
18:13:24:%N,0,1170,2000
18:13:24:%N,0,945,2000
18:13:24:%N,0,180,2000
18:13:24:%N,0,0,2000
18:13:24:%N,0,1485,2000
18:13:24:%N,0,2070,2000
18:13:24:%N,0,1395,2000
18:13:24:%N,0,45,2000
18:13:24:%N,0,0,2000
18:13:25:%N,0,0,2000
18:13:25:%N,0,0,2000
18:13:25:%N,0,0,2000
18:13:25:%N,0,0,2000
18:13:25:%N,0,0,2000
18:13:25:%N,0,0,2000
18:13:25:%N,0,0,2000
18:13:25:%N,0,0,2000
18:13:25:%N,0,0,2000
18:13:26:%N,0,0,2000
18:13:26:%N,0,0,2000
18:13:26:%N,0,0,2000
18:13:26:%N,0,0,2000
18:13:26:%N,0,0,2000
18:13:26:%N,0,0,2000
18:13:26:%N,0,0,2000
18:13:26:%N,0,0,2000
18:13:27:%N,0,0,2000
18:13:27:%N,0,0,2000
18:13:27:%N,0,0,2000
18:13:27:%N,0,0,2000
18:13:27:%N,0,0,2000
18:13:27:%N,0,0,2000
18:13:27:%N,0,0,2000
18:13:27:%N,0,0,2000
18:13:27:%N,0,0,2000
18:13:28:%N,0,0,2000
18:13:28:%N,0,0,2000
18:13:28:%N,0,0,2000
18:13:28:%N,207,0,2000
18:13:28:%N,759,0,2000
18:13:28:%N,1311,0,2000
18:13:28:%N,1866,0,2000
18:13:28:%N,2424,0,2000
18:13:29:%N,2954,45,2000
18:13:29:%N,0,-134,2000
18:13:29:%N,4096,1845,2000
18:13:29:%N,3025,4095,2000
18:13:29:%N,2728,3510,2000
18:13:29:%N,2597,2430,2000
18:13:29:%N,2768,2115,2000
18:13:29:%N,2965,1575,2000
18:13:29:%N,3147,1395,2000
18:13:30:%N,3142,1935,2000
18:13:30:%N,3025,2295,2000
18:13:30:%N,3220,1665,2000
18:13:30:%N,3295,1665,2000
18:13:30:%N,3437,1440,2000
18:13:30:%N,3438,1800,2000
18:13:30:%N,3274,2160,2000
18:13:30:%N,3353,1935,2000
18:13:30:%N,3295,2115,2000
18:13:31:%N,3435,1485,2000
18:13:31:%N,3304,2160,2000
18:13:31:%N,3286,2115,2000
18:13:31:%N,3351,1935,2000
18:13:31:%N,3312,2070,2000
18:13:31:%N,3265,2160,2000
18:13:31:%N,3280,2025,2000
18:13:31:%N,3330,1980,2000
18:13:32:%N,3335,1980,2000
18:13:32:%N,3266,2160,2000
18:13:32:%N,3211,2205,2000
18:13:32:%N,3344,1980,2000
18:13:32:%N,3386,1890,2000
18:13:32:%N,3352,2025,2000
18:13:32:%N,3325,2115,2000
18:13:32:%N,3247,2250,2000
18:13:32:%N,3230,2160,2000
18:13:33:%N,3336,1845,2000
18:13:33:%N,3360,1890,2000
18:13:33:%N,3346,1980,2000
18:13:33:%N,3369,1935,2000
18:13:33:%N,3283,2115,2000
18:13:33:%N,3363,1845,2000
18:13:33:%N,3332,1980,2000
18:13:33:%N,3356,1935,2000
18:13:34:%N,3379,2160,2000
18:13:34:%N,3262,2385,2000
18:13:34:%N,3340,1980,2000
18:13:34:%N,3388,1890,2000
18:13:34:%N,3190,2430,2000
18:13:34:%N,3377,1710,2000
18:13:34:%N,3465,1665,2000
18:13:34:%N,3184,2610,2000
18:13:34:%N,3311,1890,2000
18:13:35:%N,3374,1800,2000
18:13:35:%N,3258,2160,2000
18:13:35:%N,3356,1800,2000
18:13:35:%N,3182,2340,2000
18:13:35:%N,2946,3105,2000
18:13:35:%N,3220,1620,2000
18:13:35:%N,3382,1665,2000
18:13:35:%N,3270,2070,2000
18:13:36:%N,3341,1845,2000
18:13:36:%N,3319,1980,2000
18:13:36:%N,3207,2340,2000
18:13:36:%N,3074,2430,2000
18:13:36:%N,3034,2475,2000
18:13:36:%N,3335,1485,2000
18:13:36:%N,3411,1980,2000
18:13:36:%N,3250,2115,2000
18:13:36:%N,3260,2025,2000
18:13:37:%N,3355,1800,2000
18:13:37:%N,3249,2160,2000
18:13:37:%N,3342,1755,2000
18:13:37:%N,3445,1665,2000
18:13:37:%N,3319,2340,2000
18:13:37:%N,3286,2205,2000
18:13:37:%N,3419,1800,2000
18:13:37:%N,3297,2160,2000
18:13:37:%N,3354,1935,2000
18:13:38:%N,3323,1935,2000
18:13:38:%N,3322,1980,2000
18:13:38:%N,3263,1890,2000
18:13:38:%N,3276,1935,2000
18:13:38:%N,3303,1935,2000
18:13:38:%N,3338,1890,2000
18:13:38:%N,3477,2430,2000
18:13:38:%N,3375,1800,2000
18:13:39:%N,3429,1800,2000
18:13:39:%N,3368,1980,2000
18:13:39:%N,3337,2070,2000
18:13:39:%N,3384,2070,2000
18:13:39:%N,3329,2070,2000
18:13:39:%N,3403,1845,2000
18:13:39:%N,3400,1935,2000
18:13:39:%N,3329,2205,2000
18:13:39:%N,3334,1980,2000
18:13:40:%N,3446,1710,2000
18:13:40:%N,3334,2115,2000
18:13:40:%N,3530,1800,2000
18:13:40:%N,3329,2385,2000
18:13:40:%N,3292,2340,2000
18:13:40:%N,3123,2520,2000
18:13:40:%N,3257,1935,2000
18:13:40:%N,3297,1890,2000
18:13:41:%N,3287,1980,2000
18:13:41:%N,3311,1935,2000
18:13:41:%N,3242,2250,2000
18:13:41:%N,3331,1890,2000
18:13:41:%N,3301,2070,2000
18:13:41:%N,3285,2070,2000
18:13:41:%N,3434,1710,2000
18:13:41:%N,3277,2160,2000
18:13:41:%N,3291,2025,2000
18:13:42:%N,3304,1980,2000
18:13:42:%N,3309,1980,2000
18:13:42:%N,3314,1980,2000
18:13:42:%N,3265,2115,2000
18:13:42:%N,3240,2115,2000
18:13:42:%N,3217,2160,2000
18:13:42:%N,3263,1935,2000
18:13:42:%N,3261,1980,2000
18:13:42:%N,3281,1935,2000
18:13:43:%N,3299,1935,2000
18:13:43:%N,3805,585,2000
18:13:43:%N,4096,0,2000
18:13:43:%N,3852,3060,2000
18:13:43:%N,2930,4455,2000
18:13:43:%N,2879,3285,2000
18:13:43:%N,2707,2925,2000
18:13:43:%N,2730,2295,2000
18:13:44:%N,2762,2025,2000
18:13:44:%N,2838,1845,2000
18:13:44:%N,2855,1890,2000
18:13:44:%N,2728,2295,2000
18:13:44:%N,2976,1575,2000
18:13:44:%N,2997,1800,2000
18:13:44:%N,3012,1890,2000
18:13:44:%N,3039,1890,2000
18:13:44:%N,3066,1890,2000
18:13:45:%N,3055,1935,2000
18:13:45:%N,3071,1935,2000
18:13:45:%N,3067,1980,2000
18:13:45:%N,3141,1800,2000
18:13:45:%N,3092,2205,2000
18:13:45:%N,3003,2160,2000
18:13:45:%N,3024,1935,2000
18:13:45:%N,3067,1935,2000
18:13:46:%N,3084,1935,2000
18:13:46:%N,3063,2025,2000
18:13:46:%N,2903,2385,2000
18:13:46:%N,3030,1890,2000
18:13:46:%N,2968,2115,2000
18:13:46:%N,3027,1890,2000
18:13:46:%N,3054,1935,2000
18:13:46:%N,3090,1890,2000
18:13:46:%N,3059,2025,2000
18:13:47:%N,3054,2025,2000
18:13:47:%N,3069,1980,2000
18:13:47:%N,3074,1980,2000
18:13:47:%N,3095,1935,2000
18:13:47:%N,3091,1980,2000
18:13:47:%N,3076,2025,2000
18:13:47:%N,3078,2025,2000
18:13:47:%N,3072,2025,2000
18:13:47:%N,3058,2070,2000
18:13:48:%N,3080,1980,2000
18:13:48:%N,3101,1935,2000
18:13:48:%N,3081,2025,2000
18:13:48:%N,3090,1980,2000
18:13:48:%N,3077,2025,2000
18:13:48:%N,3085,1980,2000
18:13:48:%N,3073,2025,2000
18:13:48:%N,3066,1980,2000
18:13:49:%N,3071,1980,2000
18:13:49:%N,3038,2070,2000
18:13:49:%N,2963,2205,2000
18:13:49:%N,3044,1935,2000
18:13:49:%N,3059,1935,2000
18:13:49:%N,3075,1935,2000
18:13:49:%N,3026,1890,2000
18:13:49:%N,3092,1935,2000
18:13:49:%N,3089,1980,2000
18:13:50:%N,3094,1980,2000
18:13:50:%N,3085,2025,2000
18:13:50:%N,3028,2160,2000
18:13:50:%N,2987,2025,2000
18:13:50:%N,3037,1980,2000
18:13:50:%N,3065,1890,2000
18:13:50:%N,3075,1980,2000
18:13:50:%N,3102,1980,2000
18:13:51:%N,3078,2025,2000
18:13:51:%N,3072,2025,2000
18:13:51:%N,3090,1980,2000
18:13:51:%N,3077,2025,2000
18:13:51:%N,3094,1980,2000
18:13:51:%N,3099,1980,2000
18:13:51:%N,3062,2070,2000
18:13:51:%N,2978,2250,2000
18:13:51:%N,3055,1935,2000
18:13:52:%N,3091,1890,2000
18:13:52:%N,3048,2115,2000
18:13:52:%N,3104,1890,2000
18:13:52:%N,3112,1935,2000
18:13:52:%N,3128,1980,2000
18:13:52:%N,3041,2205,2000
18:13:52:%N,3086,1980,2000
18:13:52:%N,3115,1935,2000
18:13:52:%N,3114,1980,2000
18:13:53:%N,3104,2025,2000
18:13:53:%N,3118,1980,2000
18:13:53:%N,3101,2025,2000
18:13:53:%N,3095,2025,2000
18:13:53:%N,3096,2025,2000
18:13:53:%N,3110,1980,2000
18:13:53:%N,3100,1980,2000
18:13:53:%N,2866,2520,2000
18:13:54:%N,3089,1800,2000
18:13:54:%N,3087,1935,2000
18:13:54:%N,3121,1890,2000
18:13:54:%N,3128,2205,2000
18:13:54:%N,3113,1890,2000
18:13:54:%N,3122,1935,2000
18:13:54:%N,3137,1935,2000
18:13:54:%N,3109,2070,2000
18:13:54:%N,3110,2025,2000
18:13:55:%N,3105,2025,2000
18:13:55:%N,3121,1935,2000
18:13:55:%N,3117,2025,2000
18:13:55:%N,3025,1980,2000
18:13:55:%N,3099,1980,2000
18:13:55:%N,3113,1980,2000
18:13:55:%N,3101,2025,2000
18:13:55:%N,3103,2025,2000
18:13:56:%N,3115,1980,2000
18:13:56:%N,3100,2025,2000
18:13:56:%N,3129,1935,2000
18:13:56:%N,3094,1980,2000
18:13:56:%N,3117,1935,2000
18:13:56:%N,3132,1935,2000
18:13:56:%N,3111,2025,2000
18:13:56:%N,3106,2025,2000
18:13:56:%N,3119,1980,2000
18:13:57:%N,3124,1980,2000
18:13:57:%N,3107,2025,2000
18:13:57:%N,3118,1980,2000
18:13:57:%N,3123,1980,2000
18:13:57:%N,3108,2025,2000
18:13:57:%N,3165,1845,2000
18:13:57:%N,2822,2745,2000
18:13:57:%N,3060,1845,2000
18:13:58:%N,3104,1845,2000
18:13:58:%N,3095,1890,2000
18:13:58:%N,3151,1845,2000
18:13:58:%N,3161,1890,2000
18:13:58:%N,3132,2025,2000
18:13:58:%N,3135,2025,2000
18:13:58:%N,3057,2205,2000
18:13:58:%N,3113,1980,2000
18:13:58:%N,3087,2070,2000
18:13:59:%N,3125,1935,2000
18:13:59:%N,3141,1935,2000
18:13:59:%N,3099,1890,2000
18:13:59:%N,3128,1890,2000
18:13:59:%N,3156,1890,2000
18:13:59:%N,3137,1980,2000
18:13:59:%N,3142,1980,2000
18:13:59:%N,3147,1980,2000
18:13:59:%N,3112,2070,2000
18:14:00:%N,3109,1980,2000
18:14:00:%N,3115,1980,2000
18:14:00:%N,3106,1980,2000
18:14:00:%N,3152,1890,2000
18:14:00:%N,3104,2070,2000
18:14:00:%N,3126,1980,2000
18:14:00:%N,3132,1980,2000
18:14:00:%N,3137,1980,2000
18:14:01:%N,3099,2070,2000
18:14:01:%N,3135,1935,2000
18:14:01:%N,3131,1980,2000
18:14:01:%N,3137,1980,2000
18:14:01:%N,3143,1980,2000
18:14:01:%N,3132,2025,2000
18:14:01:%N,3145,1980,2000
18:14:01:%N,3150,1980,2000
18:14:01:%N,3133,2025,2000
18:14:02:%N,3127,2025,2000
18:14:02:%N,3043,2205,2000
18:14:02:%N,3115,1980,2000
18:14:02:%N,3153,1890,2000
18:14:02:%N,3143,1980,2000
18:14:02:%N,3148,1980,2000
18:14:02:%N,3154,1980,2000
18:14:02:%N,3140,2025,2000
18:14:03:%N,3125,2070,2000
18:14:03:%N,3128,2025,2000
18:14:03:%N,3111,2070,2000
18:14:03:%N,3137,2025,2000
18:14:03:%N,3151,1935,2000
18:14:03:%N,3148,1980,2000
18:14:03:%N,3107,2115,2000
18:14:03:%N,3076,2115,2000
18:14:04:%N,3118,1980,2000
18:14:04:%N,3142,1935,2000
18:14:04:%N,3136,1980,2000
18:14:04:%N,3142,1980,2000
18:14:04:%N,3111,2070,2000
18:14:04:%N,3136,1980,2000
18:14:04:%N,3111,2070,2000
18:14:04:%N,3148,1935,2000
18:14:04:%N,3164,1935,2000
18:14:05:%N,3119,2070,2000
18:14:05:%N,3121,2025,2000
18:14:05:%N,3137,1980,2000
18:14:05:%N,3159,1935,2000
18:14:05:%N,3156,1980,2000
18:14:05:%N,3154,1980,2000
18:14:05:%N,3159,1980,2000
18:14:05:%N,3150,2025,2000
18:14:05:%N,3144,2025,2000
18:14:06:%N,3137,2025,2000
18:14:06:%N,3131,1980,2000
18:14:06:%N,3134,2025,2000
18:14:06:%N,3071,2160,2000
18:14:06:%N,3143,1935,2000
18:14:06:%N,3159,1935,2000
18:14:06:%N,3155,1980,2000
18:14:06:%N,3119,2115,2000
18:14:07:%N,3142,1980,2000
18:14:07:%N,3147,1980,2000
18:14:07:%N,3171,1935,2000
18:14:07:%N,3151,2025,2000
18:14:07:%N,3146,2025,2000
18:14:07:%N,3159,1980,2000
18:14:07:%N,3143,2025,2000
18:14:07:%N,3155,1980,2000
18:14:07:%N,3160,1980,2000
18:14:08:%N,3114,2115,2000
18:14:08:%N,3128,2025,2000
18:14:08:%N,3154,1980,2000
18:14:08:%N,3140,2025,2000
18:14:08:%N,3158,1980,2000
18:14:08:%N,3164,1980,2000
18:14:08:%N,3146,2025,2000
18:14:08:%N,3159,1980,2000
18:14:09:%N,3164,2025,2000
18:14:09:%N,3146,2025,2000
18:14:09:%N,3159,1980,2000
18:14:09:%N,3164,1980,2000
18:14:09:%N,3168,1980,2000
18:14:09:%N,3142,2070,2000
18:14:09:%N,3163,1980,2000
18:14:09:%N,3168,1980,2000
18:14:09:%N,3158,2025,2000
18:14:09:%N,3153,2025,2000
18:14:10:%N,3168,1980,2000
18:14:10:%N,3165,1980,2000
18:14:10:%N,3152,2025,2000
18:14:10:%N,3169,1980,2000
18:14:10:%N,3175,1980,2000
18:14:10:%N,3150,2070,2000
18:14:10:%N,3172,1980,2000
18:14:10:%N,3145,2025,2000
18:14:11:%N,3160,1935,2000
18:14:11:%N,3174,1980,2000
18:14:11:%N,3159,2025,2000
18:14:11:%N,3170,1980,2000
18:14:11:%N,3176,1980,2000
18:14:11:%N,3159,2025,2000
18:14:11:%N,3170,1980,2000
18:14:11:%N,3175,1980,2000
18:14:12:%N,3179,1980,2000
18:14:12:%N,3163,2025,2000
18:14:12:%N,3174,1980,2000
18:14:12:%N,3179,1980,2000
18:14:12:%N,3184,1980,2000
18:14:12:%N,3142,2025,2000
18:14:12:%N,3197,1890,2000
18:14:12:%N,3180,1980,2000
18:14:12:%N,3186,1980,2000
18:14:13:%N,3175,2025,2000
18:14:13:%N,3169,2025,2000
18:14:13:%N,3188,1980,2000
18:14:13:%N,3174,2025,2000
18:14:13:%N,3167,2025,2000
18:14:13:%N,3161,2025,2000
18:14:13:%N,3155,2025,2000
18:14:13:%N,3170,1980,2000
18:14:14:%N,3175,1980,2000
18:14:14:%N,3179,1980,2000
18:14:14:%N,3184,1980,2000
18:14:14:%N,3150,2070,2000
18:14:14:%N,3163,1980,2000
18:14:14:%N,3169,1980,2000
18:14:14:%N,3174,1980,2000
18:14:14:%N,3051,2340,2000
18:14:14:%N,3146,1890,2000
18:14:15:%N,3173,1890,2000
18:14:15:%N,3131,2115,2000
18:14:15:%N,3175,1935,2000
18:14:15:%N,3157,2025,2000
18:14:15:%N,3169,1980,2000
18:14:15:%N,3154,2070,2000
18:14:15:%N,3119,2115,2000
18:14:15:%N,3163,1980,2000
18:14:16:%N,3169,1980,2000
18:14:16:%N,3127,2160,2000
18:14:16:%N,3156,1980,2000
18:14:16:%N,3162,1980,2000
18:14:16:%N,3159,1980,2000
18:14:16:%N,3201,1890,2000
18:14:16:%N,3188,1980,2000
18:14:16:%N,3170,2025,2000
18:14:16:%N,3149,2070,2000
18:14:17:%N,3171,1980,2000
18:14:17:%N,3196,1935,2000
18:14:17:%N,3174,2025,2000
18:14:17:%N,3098,2205,2000
18:14:17:%N,3172,1935,2000
18:14:17:%N,3173,1980,2000
18:14:17:%N,3179,1980,2000
18:14:17:%N,3178,2025,2000
18:14:17:%N,3173,2025,2000
18:14:18:%N,3165,1980,2000
18:14:18:%N,3190,1935,2000
18:14:18:%N,3148,2115,2000
18:14:18:%N,3175,1980,2000
18:14:18:%N,3181,1980,2000
18:14:18:%N,3131,2115,2000
18:14:18:%N,3191,1935,2000
18:14:18:%N,3173,2025,2000
18:14:19:%N,3168,2025,2000
18:14:19:%N,3184,1980,2000
18:14:19:%N,3189,1980,2000
18:14:19:%N,3122,2160,2000
18:14:19:%N,3168,1980,2000
18:14:19:%N,3143,2070,2000
18:14:19:%N,3180,1935,2000
18:14:19:%N,3078,2205,2000
18:14:19:%N,3141,1935,2000
18:14:20:%N,3186,1890,2000
18:14:20:%N,3198,1935,2000
18:14:20:%N,3176,1980,2000
18:14:20:%N,3203,2025,2000
18:14:20:%N,3171,2025,2000
18:14:20:%N,3157,2025,2000
18:14:20:%N,3134,2070,2000
18:14:20:%N,3178,1935,2000
18:14:21:%N,3172,1980,2000
18:14:21:%N,3178,1980,2000
18:14:21:%N,3184,1980,2000
18:14:21:%N,3190,1980,2000
18:14:21:%N,3172,2025,2000
18:14:21:%N,3184,1980,2000
18:14:21:%N,3112,2160,2000
18:14:21:%N,3162,1935,2000
18:14:21:%N,3175,1980,2000
18:14:22:%N,3181,1980,2000
18:14:22:%N,3186,1980,2000
18:14:22:%N,3168,2025,2000
18:14:22:%N,3143,2070,2000
18:14:22:%N,3149,2025,2000
18:14:22:%N,3143,2025,2000
18:14:22:%N,3158,1980,2000
18:14:22:%N,3171,1980,2000
18:14:23:%N,3158,2025,2000
18:14:23:%N,3175,1980,2000
18:14:23:%N,3202,1935,2000
18:14:23:%N,3088,2250,2000
18:14:23:%N,3146,1980,2000
18:14:23:%N,3193,1935,2000
18:14:23:%N,3191,1980,2000
18:14:23:%N,3154,2070,2000
18:14:23:%N,3203,1980,2000
18:14:24:%N,3191,2025,2000
18:14:24:%N,3206,1980,2000
18:14:24:%N,3142,2115,2000
18:14:24:%N,3168,1980,2000
18:14:24:%N,3173,1980,2000
18:14:24:%N,3222,1980,2000
18:14:24:%N,3156,2115,2000
18:14:24:%N,3148,2070,2000
18:14:24:%N,3191,1935,2000
18:14:25:%N,3178,1980,2000
18:14:25:%N,3143,2070,2000
18:14:25:%N,3174,1980,2000
18:14:25:%N,3138,1980,2000
18:14:25:%N,3188,1935,2000
18:14:25:%N,3184,2025,2000
18:14:25:%N,3182,1980,2000
18:14:25:%N,3188,1980,2000
18:14:26:%N,3194,1980,2000
18:14:26:%N,3200,1980,2000
18:14:26:%N,3078,2295,2000
18:14:26:%N,3155,1890,2000
18:14:26:%N,3130,2115,2000
18:14:26:%N,3176,1935,2000
18:14:26:%N,3213,1890,2000
18:14:26:%N,3180,2025,2000
18:14:27:%N,3175,2025,2000
18:14:27:%N,3190,1980,2000
18:14:27:%N,3195,1980,2000
18:14:27:%N,3183,2025,2000
18:14:27:%N,3158,2070,2000
18:14:27:%N,3157,2070,2000
18:14:27:%N,3177,1980,2000
18:14:27:%N,3160,2025,2000
18:14:27:%N,3195,1935,2000
18:14:28:%N,3179,2025,2000
18:14:28:%N,3194,1980,2000
18:14:28:%N,3217,1935,2000
18:14:28:%N,3214,1980,2000
18:14:28:%N,3163,2115,2000
18:14:28:%N,3098,2205,2000
18:14:28:%N,3181,1935,2000
18:14:28:%N,3180,1980,2000
18:14:29:%N,3185,1980,2000
18:14:29:%N,3199,1980,2000
18:14:29:%N,3187,2025,2000
18:14:29:%N,3146,2115,2000
18:14:29:%N,3182,1980,2000
18:14:29:%N,3201,1935,2000
18:14:29:%N,3200,1980,2000
18:14:29:%N,3146,2115,2000
18:14:29:%N,3193,1935,2000
18:14:30:%N,3211,1935,2000
18:14:30:%N,3207,1980,2000
18:14:30:%N,3177,2070,2000
18:14:30:%N,3202,1980,2000
18:14:30:%N,3190,2025,2000
18:14:30:%N,3183,1980,2000
18:14:30:%N,3151,2070,2000
18:14:30:%N,3187,1980,2000
18:14:31:%N,3212,1935,2000
18:14:31:%N,3207,1980,2000
18:14:31:%N,3213,1980,2000
18:14:31:%N,3197,2025,2000
18:14:31:%N,3193,2025,2000
18:14:31:%N,3188,2025,2000
18:14:31:%N,3182,2025,2000
18:14:31:%N,3198,1980,2000
18:14:31:%N,3172,2070,2000
18:14:32:%N,3175,2025,2000
18:14:32:%N,3150,2070,2000
18:14:32:%N,3191,1890,2000
18:14:32:%N,3186,1980,2000
18:14:32:%N,3210,1935,2000
18:14:32:%N,3198,2025,2000
18:14:32:%N,3191,2025,2000
18:14:32:%N,3177,2070,2000
18:14:33:%N,3200,1980,2000
18:14:33:%N,3171,2070,2000
18:14:33:%N,3114,2160,2000
18:14:33:%N,3200,1890,2000
18:14:33:%N,3230,1890,2000
18:14:33:%N,3174,2115,2000
18:14:33:%N,3181,2025,2000
18:14:33:%N,3135,2115,2000
18:14:33:%N,3133,2115,2000
18:14:34:%N,3158,1980,2000
18:14:34:%N,3222,1845,2000
18:14:34:%N,3215,1980,2000
18:14:34:%N,3222,1935,2000
18:14:34:%N,3203,2025,2000
18:14:34:%N,3177,2070,2000
18:14:34:%N,3214,1935,2000
18:14:34:%N,3195,2025,2000
18:14:34:%N,3189,2025,2000
18:14:35:%N,3184,2025,2000
18:14:35:%N,3197,1980,2000
18:14:35:%N,3173,2070,2000
18:14:35:%N,3193,1980,2000
18:14:35:%N,3150,2070,2000
18:14:35:%N,3174,1890,2000
18:14:35:%N,3214,1935,2000
18:14:35:%N,3093,2250,2000
18:14:36:%N,3207,1890,2000
18:14:36:%N,3200,1980,2000
18:14:36:%N,3205,1980,2000
18:14:36:%N,3210,1980,2000
18:14:36:%N,3233,1935,2000
18:14:36:%N,3209,2025,2000
18:14:36:%N,3204,2025,2000
18:14:36:%N,3216,1980,2000
18:14:36:%N,3146,2160,2000
18:14:37:%N,3194,1980,2000
18:14:37:%N,3204,1890,2000
18:14:37:%N,3095,2250,2000
18:14:37:%N,3197,1890,2000
18:14:37:%N,3214,1935,2000
18:14:37:%N,3211,1980,2000
18:14:37:%N,3145,2070,2000
18:14:37:%N,3147,1890,2000
18:14:38:%N,3219,1890,2000
18:14:38:%N,3207,1980,2000
18:14:38:%N,3213,1980,2000
18:14:38:%N,3144,2160,2000
18:14:38:%N,3191,1935,2000
18:14:38:%N,3230,1890,2000
18:14:38:%N,3215,1980,2000
18:14:38:%N,3220,1980,2000
18:14:38:%N,3225,1980,2000
18:14:39:%N,3124,1980,2000
18:14:39:%N,3180,2025,2000
18:14:39:%N,3209,1935,2000
18:14:39:%N,3205,1980,2000
18:14:39:%N,3195,1980,2000
18:14:39:%N,3166,2070,2000
18:14:39:%N,3189,1980,2000
18:14:39:%N,3066,1845,2000
18:14:39:%N,3178,1980,2000
18:14:40:%N,3204,1935,2000
18:14:40:%N,3188,2025,2000
18:14:40:%N,3205,1980,2000
18:14:40:%N,3211,1980,2000
18:14:40:%N,3186,2070,2000
18:14:40:%N,3228,1935,2000
18:14:40:%N,3138,2250,2000
18:14:40:%N,3187,1980,2000
18:14:41:%N,3192,1980,2000
18:14:41:%N,3198,1980,2000
18:14:41:%N,3184,2025,2000
18:14:41:%N,3195,2025,2000
18:14:41:%N,3189,2025,2000
18:14:41:%N,3109,2205,2000
18:14:41:%N,3168,1890,2000
18:14:41:%N,3206,1935,2000
18:14:41:%N,3221,1935,2000
18:14:42:%N,3198,2025,2000
18:14:42:%N,3193,1980,2000
18:14:42:%N,3179,2070,2000
18:14:42:%N,3182,2025,2000
18:14:42:%N,3175,2070,2000
18:14:42:%N,3198,1980,2000
18:14:42:%N,3188,2025,2000
18:14:42:%N,3201,1980,2000
18:14:43:%N,3207,1980,2000
18:14:43:%N,3234,1935,2000
18:14:43:%N,3195,2025,2000
18:14:43:%N,3209,1980,2000
18:14:43:%N,3230,1935,2000
18:14:43:%N,3210,2025,2000
18:14:43:%N,3185,2070,2000
18:14:43:%N,3200,2025,2000
18:14:43:%N,3195,2025,2000
18:14:44:%N,3209,1980,2000
18:14:44:%N,3207,1980,2000
18:14:44:%N,3229,1935,2000
18:14:44:%N,3206,2025,2000
18:14:44:%N,3180,1980,2000
18:14:44:%N,3211,1980,2000
18:14:44:%N,3182,2070,2000
18:14:44:%N,3205,1980,2000
18:14:44:%N,3229,1980,2000
18:14:45:%N,3215,2025,2000
18:14:45:%N,3194,2025,2000
18:14:45:%N,3227,1935,2000
18:14:45:%N,3130,2295,2000
18:14:45:%N,3155,2070,2000
18:14:45:%N,3201,1890,2000
18:14:45:%N,3232,1890,2000
18:14:45:%N,3157,2160,2000
18:14:46:%N,3172,2025,2000
18:14:46:%N,3206,1935,2000
18:14:46:%N,3146,2115,2000
18:14:46:%N,3184,1935,2000
18:14:46:%N,3197,1980,2000
18:14:46:%N,3185,2025,2000
18:14:46:%N,3199,1980,2000
18:14:46:%N,3226,1980,2000
18:14:46:%N,3168,2115,2000
18:14:47:%N,3180,2025,2000
18:14:47:%N,3177,2070,2000
18:14:47:%N,3178,2025,2000
18:14:47:%N,3191,1980,2000
18:14:47:%N,3197,1980,2000
18:14:47:%N,3184,2025,2000
18:14:47:%N,3191,1935,2000
18:14:47:%N,3230,1890,2000
18:14:48:%N,3223,1980,2000
18:14:48:%N,3209,2025,2000
18:14:48:%N,3180,2070,2000
18:14:48:%N,3163,2070,2000
18:14:48:%N,3205,1935,2000
18:14:48:%N,3169,2070,2000
18:14:48:%N,3174,2025,2000
18:14:48:%N,3236,1845,2000
18:14:48:%N,3191,2115,2000
18:14:49:%N,3147,2160,2000
18:14:49:%N,3216,1980,2000
18:14:49:%N,3207,1980,2000
18:14:49:%N,3212,1980,2000
18:14:49:%N,3236,1935,2000
18:14:49:%N,3230,1980,2000
18:14:49:%N,3252,1935,2000
18:14:49:%N,3210,2070,2000
18:14:49:%N,3192,2070,2000
18:14:50:%N,3213,1980,2000
18:14:50:%N,3195,1935,2000
18:14:50:%N,3275,1800,2000
18:14:50:%N,3241,1980,2000
18:14:50:%N,3150,2205,2000
18:14:50:%N,3189,1980,2000
18:14:50:%N,3215,1935,2000
18:14:50:%N,3225,1935,2000
18:14:51:%N,3203,2025,2000
18:14:51:%N,3198,2025,2000
18:14:51:%N,3210,1980,2000
18:14:51:%N,3196,2025,2000
18:14:51:%N,3191,1980,2000
18:14:51:%N,3225,1935,2000
18:14:51:%N,3223,1980,2000
18:14:51:%N,3249,2070,2000
18:14:52:%N,3209,2025,2000
18:14:52:%N,3204,2025,2000
18:14:52:%N,3135,2115,2000
18:14:52:%N,3201,1890,2000
18:14:52:%N,3251,1845,2000
18:14:52:%N,3210,2025,2000
18:14:52:%N,3242,1935,2000
18:14:52:%N,3205,2070,2000
18:14:52:%N,3164,2025,2000
18:14:53:%N,3219,1935,2000
18:14:53:%N,3216,1980,2000
18:14:53:%N,3182,2025,2000
18:14:53:%N,3176,2025,2000
18:14:53:%N,3171,2025,2000
18:14:53:%N,3217,1890,2000
18:14:53:%N,3247,1890,2000
18:14:53:%N,3199,2070,2000
18:14:54:%N,3235,1935,2000
18:14:54:%N,3251,1935,2000
18:14:54:%N,3200,2070,2000
18:14:54:%N,3186,2070,2000
18:14:54:%N,3134,2160,2000
18:14:54:%N,3180,1980,2000
18:14:54:%N,3162,2070,2000
18:14:54:%N,3164,2025,2000
18:14:54:%N,3194,1935,2000
18:14:55:%N,3212,1935,2000
18:14:55:%N,3229,1980,2000
18:14:55:%N,3205,2025,2000
18:14:55:%N,3199,2025,2000
18:14:55:%N,3170,2025,2000
18:14:55:%N,3145,2070,2000
18:14:55:%N,3239,1845,2000
18:14:55:%N,3223,1980,2000
18:14:56:%N,3197,2025,2000
18:14:56:%N,3211,1980,2000
18:14:56:%N,3195,1935,2000
18:14:56:%N,3251,1890,2000
18:14:56:%N,3210,2070,2000
18:14:56:%N,3175,2115,2000
18:14:56:%N,3236,1980,2000
18:14:56:%N,3211,2025,2000
18:14:56:%N,3225,1980,2000
18:14:57:%N,3209,2070,2000
18:14:57:%N,3196,2025,2000
18:14:57:%N,3174,2070,2000
18:14:57:%N,3217,1935,2000
18:14:57:%N,3203,2025,2000
18:14:57:%N,3157,2205,2000
18:14:57:%N,3174,2025,2000
18:14:57:%N,3228,1890,2000
18:14:58:%N,3238,2160,2000
18:14:58:%N,3198,1980,2000
18:14:58:%N,3246,1890,2000
18:14:58:%N,3219,2025,2000
18:14:58:%N,3214,2025,2000
18:14:58:%N,3185,2115,2000
18:14:58:%N,3212,1980,2000
18:14:58:%N,3177,2070,2000
18:14:58:%N,3184,2025,2000
18:14:59:%N,3231,1890,2000
18:14:59:%N,3238,1935,2000
18:14:59:%N,3232,1980,2000
18:14:59:%N,3206,2070,2000
18:14:59:%N,3208,2025,2000
18:14:59:%N,3203,1980,2000
18:14:59:%N,3238,1935,2000
18:14:59:%N,3216,2025,2000
18:14:59:%N,3195,2070,2000
18:15:00:%N,3160,2115,2000
18:15:00:%N,3153,1935,2000
18:15:00:%N,3194,1980,2000
18:15:00:%N,3200,1980,2000
18:15:00:%N,3225,1935,2000
18:15:00:%N,3198,2025,2000
18:15:00:%N,3211,1980,2000
18:15:00:%N,3126,2160,2000
18:15:01:%N,3141,2025,2000
18:15:01:%N,3199,1890,2000
18:15:01:%N,3152,2115,2000
18:15:01:%N,3143,2070,2000
18:15:01:%N,3147,2025,2000
18:15:01:%N,3173,1980,2000
18:15:01:%N,3197,1935,2000
18:15:01:%N,3151,2070,2000
18:15:01:%N,3214,1935,2000
18:15:02:%N,3178,2070,2000
18:15:02:%N,3182,2025,2000
18:15:02:%N,3198,1845,2000
18:15:02:%N,3212,2025,2000
18:15:02:%N,3206,2070,2000
18:15:02:%N,3192,2025,2000
18:15:02:%N,3200,1980,2000
18:15:02:%N,3206,1980,2000
18:15:03:%N,3233,2070,2000
18:15:03:%N,3142,2160,2000
18:15:03:%N,3198,1935,2000
18:15:03:%N,3235,1890,2000
18:15:03:%N,3181,2115,2000
18:15:03:%N,3187,2025,2000
18:15:03:%N,3222,1935,2000
18:15:03:%N,3255,1890,2000
18:15:04:%N,3211,2070,2000
18:15:04:%N,3177,2115,2000
18:15:04:%N,3193,1980,2000
18:15:04:%N,3198,1980,2000
18:15:04:%N,3204,1980,2000
18:15:04:%N,3193,1980,2000
18:15:04:%N,3236,1890,2000
18:15:04:%N,3222,2070,2000
18:15:04:%N,3179,2070,2000
18:15:05:%N,3182,2025,2000
18:15:05:%N,3222,1890,2000
18:15:05:%N,3215,1980,2000
18:15:05:%N,3172,2070,2000
18:15:05:%N,3175,1980,2000
18:15:05:%N,3177,2025,2000
18:15:05:%N,3212,1935,2000
18:15:05:%N,3181,2070,2000
18:15:06:%N,3183,2025,2000
18:15:06:%N,3194,2025,2000
18:15:06:%N,3169,2070,2000
18:15:06:%N,3181,1980,2000
18:15:06:%N,3204,1935,2000
18:15:06:%N,3244,2115,2000
18:15:06:%N,3184,2025,2000
18:15:06:%N,3196,1980,2000
18:15:06:%N,3238,1890,2000
18:15:07:%N,3162,2115,2000
18:15:07:%N,3181,1980,2000
18:15:07:%N,3224,1890,2000
18:15:07:%N,3231,2025,2000
18:15:07:%N,3233,1935,2000
18:15:07:%N,3229,1980,2000
18:15:07:%N,3179,2115,2000
18:15:07:%N,3170,2070,2000
18:15:08:%N,3238,1890,2000
18:15:08:%N,3231,1980,2000
18:15:08:%N,3213,1980,2000
18:15:08:%N,3258,1890,2000
18:15:08:%N,3212,2025,2000
18:15:08:%N,3206,2025,2000
18:15:08:%N,3222,1980,2000
18:15:08:%N,3228,1980,2000
18:15:08:%N,3195,2070,2000
18:15:09:%N,3201,1935,2000
18:15:09:%N,3195,2070,2000
18:15:09:%N,3162,2115,2000
18:15:09:%N,3198,2025,2000
18:15:09:%N,3195,1980,2000
18:15:09:%N,3236,1890,2000
18:15:09:%N,3184,2070,2000
18:15:09:%N,3170,2025,2000
18:15:09:%N,3210,1935,2000
18:15:10:%N,3166,2070,2000
18:15:10:%N,3198,1980,2000
18:15:10:%N,3194,2070,2000
18:15:10:%N,3156,2115,2000
18:15:10:%N,3157,2070,2000
18:15:10:%N,3213,1890,2000
18:15:10:%N,3243,1890,2000
18:15:10:%N,3151,2160,2000
18:15:11:%N,3149,2070,2000
18:15:11:%N,3204,1935,2000
18:15:11:%N,3126,2160,2000
18:15:11:%N,3132,1980,2000
18:15:11:%N,3179,1935,2000
18:15:11:%N,3142,2070,2000
18:15:11:%N,3165,1980,2000
18:15:11:%N,3170,2070,2000
18:15:11:%N,3112,2115,2000
18:15:12:%N,3123,2025,2000
18:15:12:%N,3183,1980,2000
18:15:12:%N,3146,2025,2000
18:15:12:%N,3160,1980,2000
18:15:12:%N,3216,1890,2000
18:15:12:%N,3228,1935,2000
18:15:12:%N,3165,2070,2000
18:15:12:%N,3209,1980,2000
18:15:13:%N,3149,2115,2000
18:15:13:%N,3101,2160,2000
18:15:13:%N,3134,2070,2000
18:15:13:%N,3098,2115,2000
18:15:13:%N,3174,1890,2000
18:15:13:%N,3186,1935,2000
18:15:13:%N,3162,2025,2000
18:15:13:%N,3222,1845,2000
18:15:13:%N,3193,2025,2000
18:15:14:%N,3088,2250,2000
18:15:14:%N,3119,2025,2000
18:15:14:%N,3199,1800,2000
18:15:14:%N,3169,1980,2000
18:15:14:%N,3133,2070,2000
18:15:14:%N,3155,1980,2000
18:15:14:%N,3161,1980,2000
18:15:14:%N,3166,1980,2000
18:15:14:%N,3189,1935,2000
18:15:15:%N,3144,1980,2000
18:15:15:%N,3176,1980,2000
18:15:15:%N,3140,2070,2000
18:15:15:%N,3156,1980,2000
18:15:15:%N,3162,2070,2000
18:15:15:%N,3135,2025,2000
18:15:15:%N,3189,1890,2000
18:15:16:%N,3164,2025,2000
18:15:16:%N,3158,2025,2000
18:15:16:%N,3133,2070,2000
18:15:16:%N,3182,1890,2000
18:15:16:%N,3159,2025,2000
18:15:16:%N,3136,2070,2000
18:15:16:%N,3101,2115,2000
18:15:16:%N,3173,1890,2000
18:15:16:%N,3185,1935,2000
18:15:17:%N,3138,2025,2000
18:15:17:%N,3162,1980,2000
18:15:17:%N,3074,2205,2000
18:15:17:%N,3091,2025,2000
18:15:17:%N,3131,1935,2000
18:15:17:%N,3195,1890,2000
18:15:17:%N,3196,1935,2000
18:15:17:%N,3115,2070,2000
18:15:18:%N,3178,1890,2000
18:15:18:%N,3134,2070,2000
18:15:18:%N,3158,1935,2000
18:15:18:%N,3172,1980,2000
18:15:18:%N,3219,1890,2000
18:15:18:%N,3153,2070,2000
18:15:18:%N,3135,2070,2000
18:15:18:%N,3212,1845,2000
18:15:19:%N,3123,2160,2000
18:15:19:%N,3149,1935,2000
18:15:19:%N,3160,2025,2000
18:15:19:%N,3172,1980,2000
18:15:19:%N,3217,1890,2000
18:15:19:%N,3186,2025,2000
18:15:19:%N,3146,2115,2000
18:15:19:%N,3058,2250,2000
18:15:19:%N,3114,1980,2000
18:15:20:%N,3119,1980,2000
18:15:20:%N,3163,1845,2000
18:15:20:%N,3226,1800,2000
18:15:20:%N,3093,2250,2000
18:15:20:%N,3062,2160,2000
18:15:20:%N,3181,1800,2000
18:15:20:%N,3134,2025,2000
18:15:20:%N,3136,1980,2000
18:15:21:%N,3102,2070,2000
18:15:21:%N,3100,2025,2000
18:15:21:%N,3132,1935,2000
18:15:21:%N,3193,1800,2000
18:15:21:%N,3159,2070,2000
18:15:21:%N,3103,2160,2000
18:15:21:%N,3169,1890,2000
18:15:21:%N,3163,1980,2000
18:15:21:%N,3126,2070,2000
18:15:22:%N,3173,1890,2000
18:15:22:%N,3219,1845,2000
18:15:22:%N,3196,1980,2000
18:15:22:%N,3146,2070,2000
18:15:22:%N,3167,1980,2000
18:15:22:%N,3134,2070,2000
18:15:22:%N,3116,2070,2000
18:15:22:%N,3170,1935,2000
18:15:23:%N,3147,2025,2000
18:15:23:%N,3150,1935,2000
18:15:23:%N,3209,1845,2000
18:15:23:%N,3093,2160,2000
18:15:23:%N,3130,1980,2000
18:15:23:%N,3169,1980,2000
18:15:23:%N,3156,2025,2000
18:15:23:%N,3142,2070,2000
18:15:24:%N,3089,2160,2000
18:15:24:%N,3095,2070,2000
18:15:24:%N,3189,1845,2000
18:15:24:%N,3122,2115,2000
18:15:24:%N,3115,2070,2000
18:15:24:%N,3177,1890,2000
18:15:24:%N,3150,2025,2000
18:15:24:%N,3145,2070,2000
18:15:24:%N,3180,1890,2000
18:15:25:%N,3134,2070,2000
18:15:25:%N,3197,1890,2000
18:15:25:%N,3210,1935,2000
18:15:25:%N,3169,2070,2000
18:15:25:%N,3150,2070,2000
18:15:25:%N,3139,2070,2000
18:15:25:%N,3183,1935,2000
18:15:25:%N,3127,2160,2000
18:15:26:%N,3084,1980,2000
18:15:26:%N,3195,1845,2000
18:15:26:%N,3217,1890,2000
18:15:26:%N,3125,2070,2000
18:15:26:%N,3208,1845,2000
18:15:26:%N,3175,2070,2000
18:15:26:%N,3176,2025,2000
18:15:26:%N,3236,1845,2000
18:15:27:%N,3176,2160,2000
18:15:27:%N,3121,2205,2000
18:15:27:%N,3159,2025,2000
18:15:27:%N,3185,1980,2000
18:15:27:%N,3209,1935,2000
18:15:27:%N,3216,2025,2000
18:15:27:%N,3120,2250,2000
18:15:27:%N,3183,1890,2000
18:15:28:%N,3215,1890,2000
18:15:28:%N,3173,2025,2000
18:15:28:%N,3202,1935,2000
18:15:28:%N,3206,1980,2000
18:15:28:%N,3139,2160,2000
18:15:28:%N,3163,1980,2000
18:15:28:%N,3231,1845,2000
18:15:28:%N,3094,2205,2000
18:15:29:%N,3144,1980,2000
18:15:29:%N,3184,1980,2000
18:15:29:%N,3087,2205,2000
18:15:29:%N,3176,1890,2000
18:15:29:%N,3130,2115,2000
18:15:29:%N,3096,2115,2000
18:15:29:%N,3163,1935,2000
18:15:29:%N,3160,2025,2000
18:15:30:%N,3174,1935,2000
18:15:30:%N,3152,2025,2000
18:15:30:%N,3107,2070,2000
18:15:30:%N,3168,1890,2000
18:15:30:%N,3178,2025,2000
18:15:30:%N,3118,2160,2000
18:15:30:%N,3143,1935,2000
18:15:30:%N,3203,1890,2000
18:15:31:%N,3193,1980,2000
18:15:31:%N,3134,2025,2000
18:15:31:%N,3220,1845,2000
18:15:31:%N,3127,2160,2000
18:15:31:%N,3153,1980,2000
18:15:31:%N,3141,2025,2000
18:15:31:%N,3176,1935,2000
18:15:31:%N,3162,2025,2000
18:15:31:%N,3174,1980,2000
18:15:32:%N,3179,1980,2000
18:15:32:%N,3163,2025,2000
18:15:32:%N,3190,1935,2000
18:15:32:%N,3168,2025,2000
18:15:32:%N,3193,1980,2000
18:15:32:%N,3145,2115,2000
18:15:32:%N,3118,2115,2000
18:15:32:%N,3192,1890,2000
18:15:32:%N,3204,1935,2000
18:15:33:%N,3066,2250,2000
18:15:33:%N,3038,2160,2000
18:15:33:%N,3102,1935,2000
18:15:33:%N,3125,1980,2000
18:15:33:%N,3073,2115,2000
18:15:33:%N,3098,2025,2000
18:15:33:%N,3053,2115,2000
18:15:34:%N,3132,1845,2000
18:15:34:%N,3118,1980,2000
18:15:34:%N,3068,2070,2000
18:15:34:%N,3051,2070,2000
18:15:34:%N,3136,1890,2000
18:15:34:%N,3129,1980,2000
18:15:34:%N,3093,2070,2000
18:15:34:%N,3191,1800,2000
18:15:34:%N,3118,2115,2000
18:15:35:%N,2972,2385,2000
18:15:35:%N,3037,2025,2000
18:15:35:%N,3104,1845,2000
18:15:35:%N,3166,1890,2000
18:15:35:%N,3105,2070,2000
18:15:35:%N,3087,2070,2000
18:15:35:%N,3152,1890,2000
18:15:35:%N,3185,1890,2000
18:15:36:%N,3184,1980,2000
18:15:36:%N,3149,2070,2000
18:15:36:%N,3156,1980,2000
18:15:36:%N,3162,2115,2000
18:15:36:%N,3074,2160,2000
18:15:36:%N,3126,1935,2000
18:15:36:%N,3145,1935,2000
18:15:36:%N,3074,2115,2000
18:15:37:%N,3096,1980,2000
18:15:37:%N,3141,1890,2000
18:15:37:%N,3105,2070,2000
18:15:37:%N,3089,2070,2000
18:15:37:%N,3112,1980,2000
18:15:37:%N,3171,1845,2000
18:15:37:%N,3156,1980,2000
18:15:37:%N,3081,2160,2000
18:15:37:%N,3073,2025,2000
18:15:38:%N,3139,1845,2000
18:15:38:%N,3163,1890,2000
18:15:38:%N,3198,1890,2000
18:15:38:%N,3102,2160,2000
18:15:38:%N,3164,1845,2000
18:15:38:%N,3097,2205,2000
18:15:38:%N,3128,2025,2000
18:15:38:%N,3179,1935,2000
18:15:39:%N,3157,2025,2000
18:15:39:%N,3135,2025,2000
18:15:39:%N,3178,1890,2000
18:15:39:%N,3175,1980,2000
18:15:39:%N,3074,2025,2000
18:15:39:%N,3202,1800,2000
18:15:39:%N,3216,1890,2000
18:15:39:%N,3072,2160,2000
18:15:40:%N,3126,1980,2000
18:15:40:%N,3171,1890,2000
18:15:40:%N,3120,2115,2000
18:15:40:%N,3144,1980,2000
18:15:40:%N,3130,2025,2000
18:15:40:%N,3155,1980,2000
18:15:40:%N,3179,1935,2000
18:15:40:%N,3171,2070,2000
18:15:41:%N,3117,2160,2000
18:15:41:%N,3157,1935,2000
18:15:41:%N,3177,1980,2000
18:15:41:%N,3170,1980,2000
18:15:41:%N,3131,2070,2000
18:15:41:%N,3151,1980,2000
18:15:41:%N,3190,1935,2000
18:15:41:%N,3133,2115,2000
18:15:42:%N,3085,2070,2000
18:15:42:%N,3173,1800,2000
18:15:42:%N,3184,1890,2000
18:15:42:%N,3152,2070,2000
18:15:42:%N,3173,1980,2000
18:15:42:%N,3157,1980,2000
18:15:42:%N,3144,2070,2000
18:15:42:%N,3128,2070,2000
18:15:42:%N,3112,1980,2000
18:15:43:%N,3111,2070,2000
18:15:43:%N,3074,2115,2000
18:15:43:%N,3156,1890,2000
18:15:43:%N,3088,2115,2000
18:15:43:%N,3148,1890,2000
18:15:43:%N,3158,1935,2000
18:15:43:%N,3152,1980,2000
18:15:43:%N,3158,1980,2000
18:15:44:%N,3174,1935,2000
18:15:44:%N,3150,2070,2000
18:15:44:%N,3111,2115,2000
18:15:44:%N,3152,1980,2000
18:15:44:%N,3138,2025,2000
18:15:44:%N,3119,2070,2000
18:15:44:%N,3103,2070,2000
18:15:44:%N,3106,2025,2000
18:15:45:%N,3017,2250,2000
18:15:45:%N,2902,2385,2000
18:15:45:%N,2806,2160,2000
18:15:45:%N,2914,1935,2000
18:15:45:%N,2968,1845,2000
18:15:45:%N,3029,1890,2000
18:15:45:%N,2983,2025,2000
18:15:45:%N,2937,2115,2000
18:15:46:%N,3014,1890,2000
18:15:46:%N,2990,2025,2000
18:15:46:%N,2947,2115,2000
18:15:46:%N,2954,2025,2000
18:15:46:%N,2967,1980,2000
18:15:46:%N,3015,1890,2000
18:15:46:%N,3005,1980,2000
18:15:46:%N,3027,1935,2000
18:15:47:%N,3025,1980,2000
18:15:47:%N,3091,1890,2000
18:15:47:%N,3100,1935,2000
18:15:47:%N,3131,1890,2000
18:15:47:%N,3160,1890,2000
18:15:47:%N,3069,2160,2000
18:15:47:%N,3021,2115,2000
18:15:47:%N,3077,1890,2000
18:15:47:%N,3107,1890,2000
18:15:48:%N,3069,2025,2000
18:15:48:%N,3028,2115,2000
18:15:48:%N,3001,2115,2000
18:15:48:%N,2997,2070,2000
18:15:48:%N,2999,2025,2000
18:15:48:%N,3016,1980,2000
18:15:48:%N,3022,1980,2000
18:15:48:%N,2967,2115,2000
18:15:49:%N,2935,2115,2000
18:15:49:%N,2945,2025,2000
18:15:49:%N,2980,1935,2000
18:15:49:%N,2965,2025,2000
18:15:49:%N,2959,2025,2000
18:15:49:%N,2938,2025,2000
18:15:49:%N,2968,1935,2000
18:15:49:%N,3007,1935,2000
18:15:50:%N,3028,1890,2000
18:15:50:%N,3058,1890,2000
18:15:50:%N,3050,1980,2000
18:15:50:%N,3055,1980,2000
18:15:50:%N,3040,2025,2000
18:15:50:%N,3072,1935,2000
18:15:50:%N,3120,1845,2000
18:15:50:%N,3200,1755,2000
18:15:50:%N,3233,1800,2000
18:15:51:%N,3177,2070,2000
18:15:51:%N,3103,2160,2000
18:15:51:%N,3160,1935,2000
18:15:51:%N,3130,2070,2000
18:15:51:%N,3093,2115,2000
18:15:51:%N,3172,1890,2000
18:15:51:%N,3165,1980,2000
18:15:51:%N,3070,2295,2000
18:15:52:%N,2986,2295,2000
18:15:52:%N,3141,1800,2000
18:15:52:%N,3217,1755,2000
18:15:52:%N,3091,2205,2000
18:15:52:%N,3118,2025,2000
18:15:52:%N,3179,1980,2000
18:15:52:%N,3158,1980,2000
18:15:52:%N,3125,2070,2000
18:15:53:%N,3119,2115,2000
18:15:53:%N,3075,2160,2000
18:15:53:%N,3116,1980,2000
18:15:53:%N,3154,1935,2000
18:15:53:%N,3135,2025,2000
18:15:53:%N,3129,2025,2000
18:15:53:%N,3201,1890,2000
18:15:53:%N,3169,2205,2000
18:15:54:%N,3131,2025,2000
18:15:54:%N,3155,1980,2000
18:15:54:%N,3120,1980,2000
18:15:54:%N,3169,1935,2000
18:15:54:%N,3208,1890,2000
18:15:54:%N,3150,2070,2000
18:15:54:%N,3152,2025,2000
18:15:54:%N,3186,1935,2000
18:15:55:%N,3225,1890,2000
18:15:55:%N,3199,1980,2000
18:15:55:%N,3186,2025,2000
18:15:55:%N,3119,2160,2000
18:15:55:%N,3158,1935,2000
18:15:55:%N,3157,1980,2000
18:15:55:%N,3060,2205,2000
18:15:55:%N,3096,1980,2000
18:15:55:%N,3140,1890,2000
18:15:56:%N,3125,2070,2000
18:15:56:%N,3081,2070,2000
18:15:56:%N,3149,1980,2000
18:15:56:%N,3041,2205,2000
18:15:56:%N,3116,1890,2000
18:15:56:%N,3179,1845,2000
18:15:56:%N,3056,2250,2000
18:15:56:%N,2984,2250,2000
18:15:57:%N,2978,2115,2000
18:15:57:%N,3011,1845,2000
18:15:57:%N,3095,1845,2000
18:15:57:%N,3160,1980,2000
18:15:57:%N,3114,1980,2000
18:15:57:%N,3064,2115,2000
18:15:57:%N,2906,2520,2000
18:15:57:%N,2818,2295,2000
18:15:58:%N,2824,2115,2000
18:15:58:%N,2896,1890,2000
18:15:58:%N,2889,1980,2000
18:15:58:%N,2853,2070,2000
18:15:58:%N,2860,2025,2000
18:15:58:%N,2855,2025,2000
18:15:58:%N,2849,1980,2000
18:15:58:%N,2851,2025,2000
18:15:59:%N,2859,1980,2000
18:15:59:%N,2846,2025,2000
18:15:59:%N,2856,1980,2000
18:15:59:%N,2849,2025,2000
18:15:59:%N,2843,2025,2000
18:15:59:%N,2859,1980,2000
18:15:59:%N,2865,1980,2000
18:15:59:%N,2903,1935,2000
18:16:00:%N,2884,2025,2000
18:16:00:%N,2812,2160,2000
18:16:00:%N,2751,2205,2000
18:16:00:%N,2794,1980,2000
18:16:00:%N,2818,1935,2000
18:16:00:%N,2898,1845,2000
18:16:00:%N,2909,1890,2000
18:16:00:%N,2959,1845,2000
18:16:01:%N,2978,1890,2000
18:16:01:%N,2991,1935,2000
18:16:01:%N,2987,1980,2000
18:16:01:%N,2984,1980,2000
18:16:01:%N,2954,2070,2000
18:16:01:%N,2958,2025,2000
18:16:01:%N,2952,2025,2000
18:16:01:%N,2986,1980,2000
18:16:02:%N,2973,2025,2000
18:16:02:%N,2966,2025,2000
18:16:02:%N,2968,2025,2000
18:16:02:%N,2980,1980,2000
18:16:02:%N,2986,1980,2000
18:16:02:%N,2974,2025,2000
18:16:02:%N,2989,1935,2000
18:16:02:%N,3003,1980,2000
18:16:03:%N,3009,1980,2000
18:16:03:%N,3015,1980,2000
18:16:03:%N,3020,1980,2000
18:16:03:%N,3004,2070,2000
18:16:03:%N,3007,1980,2000
18:16:03:%N,3030,1935,2000
18:16:03:%N,3025,2115,2000
18:16:03:%N,2872,2340,2000
18:16:03:%N,2750,2430,2000
18:16:04:%N,2794,2070,2000
18:16:04:%N,2853,1890,2000
18:16:04:%N,2958,1755,2000
18:16:04:%N,2927,1980,2000
18:16:04:%N,2837,2160,2000
18:16:04:%N,2793,2160,2000
18:16:04:%N,2825,2025,2000
18:16:04:%N,2850,1935,2000
18:16:05:%N,2848,1980,2000
18:16:05:%N,2830,2025,2000
18:16:05:%N,2783,2115,2000
18:16:05:%N,2747,2115,2000
18:16:05:%N,2776,1980,2000
18:16:05:%N,2781,2025,2000
18:16:05:%N,2762,2025,2000
18:16:05:%N,2737,2070,2000
18:16:06:%N,2735,2025,2000
18:16:06:%N,2730,2025,2000
18:16:06:%N,2745,1980,2000
18:16:06:%N,2750,1980,2000
18:16:06:%N,2738,2025,2000
18:16:06:%N,2732,2025,2000
18:16:06:%N,2718,2025,2000
18:16:06:%N,2734,1980,2000
18:16:07:%N,2759,1935,2000
18:16:07:%N,2786,1890,2000
18:16:07:%N,2822,1935,2000
18:16:07:%N,2811,1980,2000
18:16:07:%N,2774,2070,2000
18:16:07:%N,2740,2115,2000
18:16:07:%N,2732,2070,2000
18:16:07:%N,2798,1890,2000
18:16:08:%N,2809,1980,2000
18:16:08:%N,2801,1980,2000
18:16:08:%N,2793,2025,2000
18:16:08:%N,2788,2025,2000
18:16:08:%N,2783,2025,2000
18:16:08:%N,2799,1980,2000
18:16:08:%N,2804,1980,2000
18:16:08:%N,2791,2025,2000
18:16:08:%N,2807,1980,2000
18:16:09:%N,2813,1980,2000
18:16:09:%N,2882,1845,2000
18:16:09:%N,2900,1890,2000
18:16:09:%N,2932,1890,2000
18:16:09:%N,2868,2115,2000
18:16:09:%N,2857,2070,2000
18:16:09:%N,2924,1890,2000
18:16:09:%N,2921,1980,2000
18:16:10:%N,2871,2115,2000
18:16:10:%N,2795,2205,2000
18:16:10:%N,2743,2205,2000
18:16:10:%N,2727,2115,2000
18:16:10:%N,2734,2025,2000
18:16:10:%N,2794,1980,2000
18:16:10:%N,2806,1890,2000
18:16:10:%N,2837,1890,2000
18:16:11:%N,2838,1980,2000
18:16:11:%N,2883,1890,2000
18:16:11:%N,2867,1980,2000
18:16:11:%N,2855,2025,2000
18:16:11:%N,2850,2025,2000
18:16:11:%N,2809,2115,2000
18:16:11:%N,2816,2025,2000
18:16:11:%N,2789,2070,2000
18:16:12:%N,2838,1935,2000
18:16:12:%N,2821,2025,2000
18:16:12:%N,2833,1980,2000
18:16:12:%N,2840,1980,2000
18:16:12:%N,2846,1980,2000
18:16:12:%N,2844,1980,2000
18:16:12:%N,2830,2025,2000
18:16:12:%N,2798,2070,2000
18:16:13:%N,2737,2070,2000
18:16:13:%N,2746,2070,2000
18:16:13:%N,2764,1980,2000
18:16:13:%N,2752,2025,2000
18:16:13:%N,2767,1980,2000
18:16:13:%N,2818,1890,2000
18:16:13:%N,2813,1980,2000
18:16:13:%N,2861,1890,2000
18:16:14:%N,2811,2070,2000
18:16:14:%N,2813,2025,2000
18:16:14:%N,2808,1980,2000
18:16:14:%N,2842,1935,2000
18:16:14:%N,2821,2025,2000
18:16:14:%N,2807,2025,2000
18:16:14:%N,2819,1980,2000
18:16:14:%N,2841,1935,2000
18:16:15:%N,2881,1890,2000
18:16:15:%N,2965,1800,2000
18:16:15:%N,2982,1980,2000
18:16:15:%N,3000,1890,2000
18:16:15:%N,3004,1980,2000
18:16:15:%N,3011,1980,2000
18:16:15:%N,3040,1935,2000
18:16:15:%N,3038,1980,2000
18:16:16:%N,3037,2025,2000
18:16:16:%N,3015,2070,2000
18:16:16:%N,2999,2070,2000
18:16:16:%N,3079,1845,2000
18:16:16:%N,3084,1935,2000
18:16:16:%N,3080,1980,2000
18:16:16:%N,3009,2115,2000
18:16:16:%N,3017,2025,2000
18:16:16:%N,3033,1980,2000
18:16:17:%N,3039,1980,2000
18:16:17:%N,3024,2025,2000
18:16:17:%N,3010,2070,2000
18:16:17:%N,2992,2070,2000
18:16:17:%N,3047,1935,2000
18:16:17:%N,3024,2025,2000
18:16:17:%N,3020,1980,2000
18:16:17:%N,2995,2070,2000
18:16:18:%N,2957,2115,2000
18:16:18:%N,2919,2115,2000
18:16:18:%N,2910,2070,2000
18:16:18:%N,2954,1935,2000
18:16:18:%N,3006,1845,2000
18:16:18:%N,2983,1980,2000
18:16:18:%N,2940,2070,2000
18:16:18:%N,2923,2070,2000
18:16:19:%N,2907,2070,2000
18:16:19:%N,2908,2025,2000
18:16:19:%N,2923,1980,2000
18:16:19:%N,2936,1980,2000
18:16:19:%N,2942,1980,2000
18:16:19:%N,2947,1980,2000
18:16:19:%N,2971,1980,2000
18:16:19:%N,2936,2070,2000
18:16:20:%N,2901,2115,2000
18:16:20:%N,2913,1980,2000
18:16:20:%N,2950,1935,2000
18:16:20:%N,2901,2115,2000
18:16:20:%N,2870,2115,2000
18:16:20:%N,2919,1935,2000
18:16:20:%N,2938,1935,2000
18:16:20:%N,2940,1980,2000
18:16:21:%N,2939,1980,2000
18:16:21:%N,2907,2070,2000
18:16:21:%N,2934,1980,2000
18:16:21:%N,2955,1935,2000
18:16:21:%N,2934,2025,2000
18:16:21:%N,2995,2025,2000
18:16:21:%N,2932,2070,2000
18:16:21:%N,2935,2025,2000
18:16:21:%N,2975,1935,2000
18:16:22:%N,2992,1935,2000
18:16:22:%N,2946,2070,2000
18:16:22:%N,2945,2025,2000
18:16:22:%N,2940,2025,2000
18:16:22:%N,2918,2070,2000
18:16:22:%N,2919,2025,2000
18:16:22:%N,2972,1935,2000
18:16:22:%N,2948,2070,2000
18:16:23:%N,2917,2070,2000
18:16:23:%N,2934,1980,2000
18:16:23:%N,2940,1980,2000
18:16:23:%N,2939,1980,2000
18:16:23:%N,2963,1935,2000
18:16:23:%N,2936,2025,2000
18:16:23:%N,2895,2115,2000
18:16:24:%N,2887,2070,2000
18:16:24:%N,2850,2115,2000
18:16:24:%N,2845,2070,2000
18:16:24:%N,2844,2025,2000
18:16:24:%N,2805,2115,2000
18:16:24:%N,2818,2025,2000
18:16:24:%N,2804,2025,2000
18:16:24:%N,2799,2025,2000
18:16:24:%N,2772,2025,2000
18:16:25:%N,2797,1980,2000
18:16:25:%N,2817,1935,2000
18:16:25:%N,2854,1890,2000
18:16:25:%N,2855,1935,2000
18:16:25:%N,2855,1980,2000
18:16:25:%N,2854,1980,2000
18:16:25:%N,2881,1980,2000
18:16:25:%N,2857,2025,2000
18:16:26:%N,2837,2070,2000
18:16:26:%N,2837,2025,2000
18:16:26:%N,2852,1980,2000
18:16:26:%N,2858,1980,2000
18:16:26:%N,2844,2025,2000
18:16:26:%N,2839,2025,2000
18:16:26:%N,2782,2160,2000
18:16:26:%N,2724,2205,2000
18:16:27:%N,2713,2115,2000
18:16:27:%N,2704,2070,2000
18:16:27:%N,2729,1980,2000
18:16:27:%N,2797,1845,2000
18:16:27:%N,2817,1890,2000
18:16:27:%N,2806,1980,2000
18:16:27:%N,2846,1890,2000
18:16:27:%N,2859,1935,2000
18:16:28:%N,2860,1980,2000
18:16:28:%N,2900,1890,2000
18:16:28:%N,2890,1980,2000
18:16:28:%N,2896,1980,2000
18:16:28:%N,2901,1980,2000
18:16:28:%N,2876,2025,2000
18:16:28:%N,2848,2115,2000
18:16:28:%N,2748,2250,2000
18:16:29:%N,2769,2025,2000
18:16:29:%N,2799,1935,2000
18:16:29:%N,2795,1980,2000
18:16:29:%N,2855,1845,2000
18:16:29:%N,2839,1980,2000
18:16:29:%N,2823,1980,2000
18:16:29:%N,2860,1935,2000
18:16:29:%N,2856,2025,2000
18:16:29:%N,2822,2070,2000
18:16:30:%N,2788,2115,2000
18:16:30:%N,2722,2205,2000
18:16:30:%N,2718,2070,2000
18:16:30:%N,2741,1980,2000
18:16:30:%N,2747,1980,2000
18:16:30:%N,2798,1935,2000
18:16:30:%N,2786,1980,2000
18:16:30:%N,2810,1980,2000
18:16:31:%N,2754,2025,2000
18:16:31:%N,2757,2070,2000
18:16:31:%N,2781,1980,2000
18:16:31:%N,2820,1935,2000
18:16:31:%N,2818,1980,2000
18:16:31:%N,2816,1980,2000
18:16:31:%N,2821,1980,2000
18:16:31:%N,2784,2070,2000
18:16:32:%N,2751,2115,2000
18:16:32:%N,2629,2340,2000
18:16:32:%N,2487,2430,2000
18:16:32:%N,2447,2295,2000
18:16:32:%N,2431,2160,2000
18:16:32:%N,2413,2025,2000
18:16:32:%N,2468,1935,2000
18:16:32:%N,2508,1890,2000
18:16:33:%N,2489,1980,2000
18:16:33:%N,2495,2025,2000
18:16:33:%N,2476,2025,2000
18:16:33:%N,2470,2025,2000
18:16:33:%N,2446,2070,2000
18:16:33:%N,2457,2025,2000
18:16:33:%N,2450,2025,2000
18:16:33:%N,2523,1890,2000
18:16:34:%N,2545,1845,2000
18:16:34:%N,2571,1890,2000
18:16:34:%N,2578,1935,2000
18:16:34:%N,2528,2115,2000
18:16:34:%N,2588,1890,2000
18:16:34:%N,2639,1845,2000
18:16:34:%N,2622,1935,2000
18:16:34:%N,2675,1845,2000
18:16:34:%N,2736,1800,2000
18:16:35:%N,2825,1755,2000
18:16:35:%N,2831,1890,2000
18:16:35:%N,2858,1890,2000
18:16:35:%N,2877,1890,2000
18:16:35:%N,2873,1980,2000
18:16:35:%N,2864,2025,2000
18:16:35:%N,2858,2025,2000
18:16:35:%N,2859,2025,2000
18:16:36:%N,2874,1980,2000
18:16:36:%N,2826,2115,2000
18:16:36:%N,2609,2565,2000
18:16:36:%N,2463,2565,2000
18:16:36:%N,2369,2385,2000
18:16:36:%N,2317,2250,2000
18:16:36:%N,2353,1980,2000
18:16:36:%N,2394,1890,2000
18:16:37:%N,2544,1620,2000
18:16:37:%N,2708,1485,2000
18:16:37:%N,2865,1440,2000
18:16:37:%N,2892,1665,2000
18:16:37:%N,2865,1935,2000
18:16:37:%N,2844,2025,2000
18:16:37:%N,2839,2025,2000
18:16:37:%N,2851,1980,2000
18:16:37:%N,2856,1980,2000
18:16:38:%N,2853,2025,2000
18:16:38:%N,2847,2025,2000
18:16:38:%N,2801,2025,2000
18:16:38:%N,2853,1890,2000
18:16:38:%N,2890,1890,2000
18:16:38:%N,2917,1935,2000
18:16:38:%N,2893,2025,2000
18:16:39:%N,2870,2070,2000
18:16:39:%N,2792,2205,2000
18:16:39:%N,2636,2385,2000
18:16:39:%N,2634,2160,2000
18:16:39:%N,2760,1800,2000
18:16:39:%N,2813,1800,2000
18:16:39:%N,2865,1800,2000
18:16:39:%N,2927,1800,2000
18:16:39:%N,2939,1890,2000
18:16:40:%N,2903,2025,2000
18:16:40:%N,2897,2025,2000
18:16:40:%N,2855,2115,2000
18:16:40:%N,2884,1980,2000
18:16:40:%N,2908,1935,2000
18:16:40:%N,2883,2115,2000
18:16:40:%N,2806,2160,2000
18:16:40:%N,2845,1980,2000
18:16:41:%N,2888,1890,2000
18:16:41:%N,2936,1890,2000
18:16:41:%N,2914,2025,2000
18:16:41:%N,2945,1935,2000
18:16:41:%N,2944,1980,2000
18:16:41:%N,2919,2025,2000
18:16:41:%N,2874,2115,2000
18:16:41:%N,2875,2070,2000
18:16:42:%N,2897,1980,2000
18:16:42:%N,2896,2025,2000
18:16:42:%N,2908,1980,2000
18:16:42:%N,2894,2025,2000
18:16:42:%N,2918,1980,2000
18:16:42:%N,2888,2070,2000
18:16:42:%N,2872,1980,2000
18:16:42:%N,2887,2025,2000
18:16:43:%N,2882,2025,2000
18:16:43:%N,2855,2070,2000
18:16:43:%N,2790,2205,2000
18:16:43:%N,2734,2205,2000
18:16:43:%N,2694,2160,2000
18:16:43:%N,2709,2025,2000
18:16:43:%N,2764,1890,2000
18:16:43:%N,2805,1890,2000
18:16:44:%N,2816,1935,2000
18:16:44:%N,2828,1980,2000
18:16:44:%N,2833,1980,2000
18:16:44:%N,2847,1980,2000
18:16:44:%N,2815,2070,2000
18:16:44:%N,2812,2025,2000
18:16:44:%N,2770,2115,2000
18:16:44:%N,2764,2115,2000
18:16:44:%N,2741,2070,2000
18:16:45:%N,2725,2070,2000
18:16:45:%N,2709,2025,2000
18:16:45:%N,2717,2025,2000
18:16:45:%N,2712,2025,2000
18:16:45:%N,2727,1890,2000
18:16:45:%N,2801,1845,2000
18:16:45:%N,2782,1980,2000
18:16:45:%N,2827,1890,2000
18:16:46:%N,2839,1935,2000
18:16:46:%N,2856,1935,2000
18:16:46:%N,2894,1890,2000
18:16:46:%N,2913,1935,2000
18:16:46:%N,2911,1980,2000
18:16:46:%N,2893,2025,2000
18:16:46:%N,2865,2160,2000
18:16:46:%N,2795,2160,2000
18:16:47:%N,2795,2025,2000
18:16:47:%N,2807,1980,2000
18:16:47:%N,2832,1935,2000
18:16:47:%N,2828,2025,2000
18:16:47:%N,2822,2025,2000
18:16:47:%N,2839,1980,2000
18:16:47:%N,2879,1890,2000
18:16:47:%N,2848,2025,2000
18:16:47:%N,2798,2115,2000
18:16:48:%N,2769,2115,2000
18:16:48:%N,2762,2070,2000
18:16:48:%N,2778,1980,2000
18:16:48:%N,2785,1980,2000
18:16:48:%N,2843,1890,2000
18:16:48:%N,2853,1935,2000
18:16:48:%N,2862,1935,2000
18:16:48:%N,2860,1980,2000
18:16:49:%N,2841,2025,2000
18:16:49:%N,2841,1980,2000
18:16:49:%N,2847,1980,2000
18:16:49:%N,2799,2115,2000
18:16:49:%N,2750,2160,2000
18:16:49:%N,2763,2025,2000
18:16:49:%N,2775,1980,2000
18:16:49:%N,2740,2070,2000
18:16:50:%N,2809,1890,2000
18:16:50:%N,2801,1980,2000
18:16:50:%N,2764,2115,2000
18:16:50:%N,2722,2115,2000
18:16:50:%N,2616,2295,2000
18:16:50:%N,2658,1980,2000
18:16:50:%N,2738,1845,2000
18:16:50:%N,2793,1800,2000
18:16:51:%N,2859,1800,2000
18:16:51:%N,2863,1935,2000
18:16:51:%N,2809,2070,2000
18:16:51:%N,2811,2025,2000
18:16:51:%N,2823,1980,2000
18:16:51:%N,2833,2025,2000
18:16:51:%N,2772,2160,2000
18:16:51:%N,2684,2250,2000
18:16:52:%N,2636,2205,2000
18:16:52:%N,2681,1980,2000
18:16:52:%N,2763,1800,2000
18:16:52:%N,2834,1800,2000
18:16:52:%N,2839,1890,2000
18:16:52:%N,2849,1935,2000
18:16:52:%N,2851,1980,2000
18:16:52:%N,2821,2070,2000
18:16:53:%N,2805,2070,2000
18:16:53:%N,2804,2025,2000
18:16:53:%N,2743,2160,2000
18:16:53:%N,2791,2070,2000
18:16:53:%N,2764,2025,2000
18:16:53:%N,2778,1980,2000
18:16:53:%N,2736,2115,2000
18:16:53:%N,2704,2115,2000
18:16:53:%N,2708,2025,2000
18:16:54:%N,2747,1890,2000
18:16:54:%N,2762,1890,2000
18:16:54:%N,2723,2115,2000
18:16:54:%N,2674,2160,2000
18:16:54:%N,2626,2160,2000
18:16:54:%N,2644,2025,2000
18:16:54:%N,2668,1935,2000
18:16:55:%N,2667,1980,2000
18:16:55:%N,2694,1890,2000
18:16:55:%N,2724,1890,2000
18:16:55:%N,2670,2070,2000
18:16:55:%N,2670,2025,2000
18:16:55:%N,2682,1980,2000
18:16:55:%N,2706,1935,2000
18:16:55:%N,2692,1980,2000
18:16:55:%N,2625,2160,2000
18:16:56:%N,2544,2385,2000
18:16:56:%N,2456,2250,2000
18:16:56:%N,2410,2115,2000
18:16:56:%N,2422,2070,2000
18:16:56:%N,2381,2160,2000
18:16:56:%N,2395,2025,2000
18:16:56:%N,2466,1890,2000
18:16:56:%N,2499,1935,2000
18:16:57:%N,2487,1980,2000
18:16:57:%N,2480,2025,2000
18:16:57:%N,2474,2025,2000
18:16:57:%N,2459,2025,2000
18:16:57:%N,2472,1980,2000
18:16:57:%N,2456,2025,2000
18:16:57:%N,2474,1980,2000
18:16:57:%N,2498,1935,2000
18:16:58:%N,2515,2025,2000
18:16:58:%N,2515,1935,2000
18:16:58:%N,2531,1935,2000
18:16:58:%N,2546,1935,2000
18:16:58:%N,2562,1935,2000
18:16:58:%N,2559,1980,2000
18:16:58:%N,2564,2025,2000
18:16:58:%N,2563,1980,2000
18:16:59:%N,2594,1935,2000
18:16:59:%N,2637,1890,2000
18:16:59:%N,2652,1935,2000
18:16:59:%N,2758,1800,2000
18:16:59:%N,2694,2070,2000
18:16:59:%N,2677,1980,2000
18:16:59:%N,2763,1845,2000
18:16:59:%N,2826,1800,2000
18:17:00:%N,2887,1800,2000
18:17:00:%N,2896,1935,2000
18:17:00:%N,2858,2070,2000
18:17:00:%N,2842,2025,2000
18:17:00:%N,2850,2025,2000
18:17:00:%N,2863,1980,2000
18:17:00:%N,2868,2115,2000
18:17:00:%N,2783,2160,2000
18:17:00:%N,2783,2070,2000
18:17:01:%N,2728,2160,2000
18:17:01:%N,2633,2295,2000
18:17:01:%N,2566,2295,2000
18:17:01:%N,2524,2205,2000
18:17:01:%N,2510,2115,2000
18:17:01:%N,2502,1980,2000
18:17:01:%N,2529,1935,2000
18:17:01:%N,2559,1890,2000
18:17:02:%N,2561,1935,2000
18:17:02:%N,2561,1980,2000
18:17:02:%N,2575,1980,2000
18:17:02:%N,2582,1980,2000
18:17:02:%N,2674,1800,2000
18:17:02:%N,2730,1800,2000
18:17:02:%N,2756,1890,2000
18:17:02:%N,2750,1980,2000
18:17:03:%N,2712,2115,2000
18:17:03:%N,2655,2160,2000
18:17:03:%N,2637,2115,2000
18:17:03:%N,2611,2115,2000
18:17:03:%N,2568,2160,2000
18:17:03:%N,2588,2025,2000
18:17:03:%N,2656,1845,2000
18:17:03:%N,2661,1935,2000
18:17:04:%N,2658,1980,2000
18:17:04:%N,2664,1980,2000
18:17:04:%N,2627,2025,2000
18:17:04:%N,2599,2115,2000
18:17:04:%N,2570,2160,2000
18:17:04:%N,2548,2070,2000
18:17:04:%N,2529,2070,2000
18:17:04:%N,2550,1980,2000
18:17:05:%N,2625,1845,2000
18:17:05:%N,2649,1845,2000
18:17:05:%N,2655,1980,2000
18:17:05:%N,2641,2025,2000
18:17:05:%N,2636,2025,2000
18:17:05:%N,2631,2025,2000
18:17:05:%N,2645,1980,2000
18:17:05:%N,2627,2025,2000
18:17:05:%N,2622,2025,2000
18:17:06:%N,2617,1980,2000
18:17:06:%N,2603,2070,2000
18:17:06:%N,2587,2070,2000
18:17:06:%N,2571,2025,2000
18:17:06:%N,2580,2025,2000
18:17:06:%N,2581,2025,2000
18:17:06:%N,2574,2025,2000
18:17:06:%N,2575,1980,2000
18:17:07:%N,2540,2025,2000
18:17:07:%N,2547,2025,2000
18:17:07:%N,2547,1980,2000
18:17:07:%N,2553,1980,2000
18:17:07:%N,2558,2025,2000
18:17:07:%N,2539,2025,2000
18:17:07:%N,2563,1980,2000
18:17:08:%N,2569,1980,2000
18:17:08:%N,2575,1980,2000
18:17:08:%N,2562,2025,2000
18:17:08:%N,2578,2025,2000
18:17:08:%N,2560,2025,2000
18:17:08:%N,2573,1980,2000
18:17:08:%N,2565,2025,2000
18:17:08:%N,2576,1980,2000
18:17:08:%N,2582,1980,2000
18:17:09:%N,2572,2025,2000
18:17:09:%N,2585,1980,2000
18:17:09:%N,2569,2025,2000
18:17:09:%N,2581,1980,2000
18:17:09:%N,2579,1980,2000
18:17:09:%N,2566,2025,2000
18:17:09:%N,2567,2025,2000
18:17:09:%N,2575,1980,2000
18:17:10:%N,2600,1935,2000
18:17:10:%N,2587,1980,2000
18:17:10:%N,2593,1980,2000
18:17:10:%N,2585,2025,2000
18:17:10:%N,2579,2025,2000
18:17:10:%N,2594,1980,2000
18:17:10:%N,2599,1980,2000
18:17:10:%N,2586,2025,2000
18:17:11:%N,2566,2070,2000
18:17:11:%N,2584,1980,2000
18:17:11:%N,2590,1980,2000
18:17:11:%N,2595,1980,2000
18:17:11:%N,2635,1890,2000
18:17:11:%N,2623,1980,2000
18:17:11:%N,2606,2025,2000
18:17:11:%N,2582,2070,2000
18:17:11:%N,2586,2025,2000
18:17:12:%N,2599,1980,2000
18:17:12:%N,2574,2025,2000
18:17:12:%N,2568,2025,2000
18:17:12:%N,2553,2070,2000
18:17:12:%N,2556,2025,2000
18:17:12:%N,2566,1980,2000
18:17:12:%N,2559,2025,2000
18:17:13:%N,2552,2025,2000
18:17:13:%N,2570,1980,2000
18:17:13:%N,2557,2025,2000
18:17:13:%N,2551,1980,2000
18:17:13:%N,2570,1980,2000
18:17:13:%N,2576,1980,2000
18:17:13:%N,2558,2025,2000
18:17:13:%N,2553,2025,2000
18:17:13:%N,2568,2025,2000
18:17:14:%N,2566,1980,2000
18:17:14:%N,2589,1935,2000
18:17:14:%N,2584,1980,2000
18:17:14:%N,2590,1980,2000
18:17:14:%N,2575,1980,2000
18:17:14:%N,2577,2025,2000
18:17:14:%N,2579,2025,2000
18:17:14:%N,2572,2025,2000
18:17:15:%N,2582,1980,2000
18:17:15:%N,2567,1980,2000
18:17:15:%N,2586,1980,2000
18:17:15:%N,2592,1980,2000
18:17:15:%N,2590,1980,2000
18:17:15:%N,2596,1980,2000
18:17:15:%N,2585,2025,2000
18:17:15:%N,2579,1980,2000
18:17:16:%N,2581,2025,2000
18:17:16:%N,2595,1980,2000
18:17:16:%N,2579,2025,2000
18:17:16:%N,2589,1980,2000
18:17:16:%N,2594,1980,2000
18:17:16:%N,2600,2025,2000
18:17:16:%N,2598,1980,2000
18:17:16:%N,2603,1980,2000
18:17:17:%N,2586,2025,2000
18:17:17:%N,2580,2025,2000
18:17:17:%N,2582,2025,2000
18:17:17:%N,2595,1980,2000
18:17:17:%N,2578,2025,2000
18:17:17:%N,2592,1935,2000
18:17:17:%N,2607,1980,2000
18:17:17:%N,2590,2025,2000
18:17:18:%N,2584,2025,2000
18:17:18:%N,2601,1980,2000
18:17:18:%N,2588,2025,2000
18:17:18:%N,2605,1980,2000
18:17:18:%N,2592,2025,2000
18:17:18:%N,2608,1980,2000
18:17:18:%N,2613,1980,2000
18:17:18:%N,2600,2025,2000
18:17:19:%N,2595,1980,2000
18:17:19:%N,2598,2025,2000
18:17:19:%N,2592,2025,2000
18:17:19:%N,2608,1980,2000
18:17:19:%N,2597,1980,2000
18:17:19:%N,2565,2070,2000
18:17:19:%N,2578,2025,2000
18:17:19:%N,2551,2070,2000
18:17:19:%N,2541,2070,2000
18:17:20:%N,2524,2070,2000
18:17:20:%N,2530,2025,2000
18:17:20:%N,2524,2025,2000
18:17:20:%N,2518,2025,2000
18:17:20:%N,2512,2025,2000
18:17:20:%N,2480,2070,2000
18:17:20:%N,2483,2025,2000
18:17:21:%N,2514,1935,2000
18:17:21:%N,2530,1980,2000
18:17:21:%N,2522,1980,2000
18:17:21:%N,2527,1980,2000
18:17:21:%N,2505,2070,2000
18:17:21:%N,2506,2025,2000
18:17:21:%N,2520,1980,2000
18:17:21:%N,2511,2025,2000
18:17:21:%N,2523,1980,2000
18:17:22:%N,2528,1980,2000
18:17:22:%N,2519,2025,2000
18:17:22:%N,2531,1980,2000
18:17:22:%N,2530,1980,2000
18:17:22:%N,2536,1980,2000
18:17:22:%N,2518,2025,2000
18:17:22:%N,2512,1980,2000
18:17:22:%N,2531,1980,2000
18:17:23:%N,2537,1935,2000
18:17:23:%N,2551,1980,2000
18:17:23:%N,2556,1980,2000
18:17:23:%N,2537,2025,2000
18:17:23:%N,2539,2025,2000
18:17:23:%N,2533,2025,2000
18:17:23:%N,2548,1980,2000
18:17:23:%N,2545,1980,2000
18:17:24:%N,2551,1980,2000
18:17:24:%N,2536,2025,2000
18:17:24:%N,2553,1980,2000
18:17:24:%N,2559,1980,2000
18:17:24:%N,2543,2025,2000
18:17:24:%N,2554,1980,2000
18:17:24:%N,2560,1980,2000
18:17:24:%N,2557,1980,2000
18:17:24:%N,2545,2025,2000
18:17:25:%N,2561,1980,2000
18:17:25:%N,2587,1935,2000
18:17:25:%N,2557,2025,2000
18:17:25:%N,2550,2025,2000
18:17:25:%N,2564,1980,2000
18:17:25:%N,2570,1980,2000
18:17:25:%N,2577,1980,2000
18:17:26:%N,2547,2070,2000
18:17:26:%N,2572,1980,2000
18:17:26:%N,2546,2070,2000
18:17:26:%N,2567,1980,2000
18:17:26:%N,2551,2025,2000
18:17:26:%N,2563,1980,2000
18:17:26:%N,2568,1980,2000
18:17:26:%N,2565,1980,2000
18:17:26:%N,2571,1980,2000
18:17:27:%N,2597,1935,2000
18:17:27:%N,2566,2025,2000
18:17:27:%N,2579,1980,2000
18:17:27:%N,2579,2025,2000
18:17:27:%N,2591,1980,2000
18:17:27:%N,2597,1980,2000
18:17:27:%N,2584,2025,2000
18:17:27:%N,2585,2025,2000
18:17:28:%N,2600,2025,2000
18:17:28:%N,2581,2025,2000
18:17:28:%N,2575,1980,2000
18:17:28:%N,2577,2025,2000
18:17:28:%N,2592,1980,2000
18:17:28:%N,2599,1980,2000
18:17:28:%N,2596,1980,2000
18:17:28:%N,2585,2025,2000
18:17:29:%N,2580,2025,2000
18:17:29:%N,2575,2070,2000
18:17:29:%N,2562,2025,2000
18:17:29:%N,2556,2025,2000
18:17:29:%N,2574,1980,2000
18:17:29:%N,2579,1980,2000
18:17:29:%N,2584,1980,2000
18:17:29:%N,2590,1980,2000
18:17:29:%N,2595,1980,2000
18:17:30:%N,2578,2025,2000
18:17:30:%N,2591,1980,2000
18:17:30:%N,2574,2025,2000
18:17:30:%N,2588,1980,2000
18:17:30:%N,2569,2025,2000
18:17:30:%N,2584,1980,2000
18:17:30:%N,2573,2025,2000
18:17:31:%N,2567,2025,2000
18:17:31:%N,2569,2025,2000
18:17:31:%N,2564,2025,2000
18:17:31:%N,2541,2070,2000
18:17:31:%N,2544,2025,2000
18:17:31:%N,2553,1980,2000
18:17:31:%N,2541,2025,2000
18:17:31:%N,2556,1980,2000
18:17:31:%N,2546,2025,2000
18:17:32:%N,2541,2025,2000
18:17:32:%N,2555,1980,2000
18:17:32:%N,2539,1980,2000
18:17:32:%N,2558,1980,2000
18:17:32:%N,2563,1980,2000
18:17:32:%N,2547,2025,2000
18:17:32:%N,2541,2025,2000
18:17:32:%N,2557,1980,2000
18:17:33:%N,2563,1980,2000
18:17:33:%N,2555,2025,2000
18:17:33:%N,2567,1980,2000
18:17:33:%N,2565,1980,2000
18:17:33:%N,2552,2025,2000
18:17:33:%N,2561,1980,2000
18:17:33:%N,2549,2025,2000
18:17:33:%N,2551,2025,2000
18:17:33:%N,2562,1980,2000
18:17:34:%N,2548,2025,2000
18:17:34:%N,2557,1980,2000
18:17:34:%N,2545,2025,2000
18:17:34:%N,2560,1980,2000
18:17:34:%N,2557,1980,2000
18:17:34:%N,2563,1980,2000
18:17:34:%N,2548,2025,2000
18:17:34:%N,2558,1980,2000
18:17:35:%N,2545,2025,2000
18:17:35:%N,2560,1980,2000
18:17:35:%N,2559,1980,2000
18:17:35:%N,2557,1980,2000
18:17:35:%N,2544,2025,2000
18:17:35:%N,2545,2025,2000
18:17:35:%N,2539,1980,2000
18:17:35:%N,2525,2070,2000
18:17:36:%N,2548,1980,2000
18:17:36:%N,2538,1980,2000
18:17:36:%N,2564,1935,2000
18:17:36:%N,2574,1935,2000
18:17:36:%N,2572,1980,2000
18:17:36:%N,2562,2025,2000
18:17:36:%N,2557,2025,2000
18:17:36:%N,2572,1980,2000
18:17:36:%N,2577,1980,2000
18:17:37:%N,2565,2025,2000
18:17:37:%N,2559,2025,2000
18:17:37:%N,2553,2025,2000
18:17:37:%N,2568,1980,2000
18:17:37:%N,2550,2025,2000
18:17:37:%N,2581,1935,2000
18:17:37:%N,2598,2025,2000
18:17:37:%N,2547,2070,2000
18:17:38:%N,2551,2070,2000
18:17:38:%N,2520,2070,2000
18:17:38:%N,2501,2070,2000
18:17:38:%N,2501,2025,2000
18:17:38:%N,2510,1980,2000
18:17:38:%N,2509,1980,2000
18:17:38:%N,2497,2025,2000
18:17:38:%N,2513,1935,2000
18:17:39:%N,2510,2025,2000
18:17:39:%N,2524,1980,2000
18:17:39:%N,2513,1980,2000
18:17:39:%N,2519,1980,2000
18:17:39:%N,2504,2025,2000
18:17:39:%N,2506,2025,2000
18:17:39:%N,2519,1980,2000
18:17:39:%N,2524,1980,2000
18:17:40:%N,2506,2025,2000
18:17:40:%N,2519,1980,2000
18:17:40:%N,2525,2025,2000
18:17:40:%N,2506,2025,2000
18:17:40:%N,2499,2025,2000
18:17:40:%N,2531,1935,2000
18:17:40:%N,2510,2025,2000
18:17:40:%N,2525,1980,2000
18:17:41:%N,2531,1980,2000
18:17:41:%N,2516,1980,2000
18:17:41:%N,2517,2025,2000
18:17:41:%N,2533,2025,2000
18:17:41:%N,2513,2025,2000
18:17:41:%N,2529,1980,2000
18:17:41:%N,2518,2025,2000
18:17:41:%N,2512,2025,2000
18:17:42:%N,2529,1980,2000
18:17:42:%N,2534,1980,2000
18:17:42:%N,2540,1980,2000
18:17:42:%N,2529,1980,2000
18:17:42:%N,2498,2070,2000
18:17:42:%N,2503,2025,2000
18:17:42:%N,2498,2025,2000
18:17:42:%N,2493,2025,2000
18:17:42:%N,2495,2025,2000
18:17:43:%N,2507,1980,2000
18:17:43:%N,2505,1980,2000
18:17:43:%N,2512,1980,2000
18:17:43:%N,2518,1980,2000
18:17:43:%N,2524,1980,2000
18:17:43:%N,2531,1980,2000
18:17:43:%N,2514,2025,2000
18:17:44:%N,2528,1980,2000
18:17:44:%N,2503,2070,2000
18:17:44:%N,2523,1980,2000
18:17:44:%N,2507,2025,2000
18:17:44:%N,2519,1980,2000
18:17:44:%N,2525,2025,2000
18:17:44:%N,2506,2025,2000
18:17:44:%N,2520,1980,2000
18:17:44:%N,2495,2025,2000
18:17:45:%N,2490,2025,2000
18:17:45:%N,2504,1980,2000
18:17:45:%N,2510,1980,2000
18:17:45:%N,2497,2025,2000
18:17:45:%N,2513,1980,2000
18:17:45:%N,2502,2025,2000
18:17:45:%N,2495,2025,2000
18:17:45:%N,2507,1980,2000
18:17:46:%N,2513,2025,2000
18:17:46:%N,2493,2025,2000
18:17:46:%N,2487,2025,2000
18:17:46:%N,2500,1980,2000
18:17:46:%N,2490,2025,2000
18:17:46:%N,2484,2025,2000
18:17:46:%N,2486,2025,2000
18:17:46:%N,2480,1980,2000
18:17:47:%N,2498,1980,2000
18:17:47:%N,2485,2025,2000
18:17:47:%N,2480,1980,2000
18:17:47:%N,2482,2025,2000
18:17:47:%N,2476,2025,2000
18:17:47:%N,2494,1980,2000
18:17:47:%N,2481,2025,2000
18:17:47:%N,2476,2025,2000
18:17:47:%N,2479,2025,2000
18:17:48:%N,2474,2025,2000
18:17:48:%N,2468,2025,2000
18:17:48:%N,2479,1980,2000
18:17:48:%N,2485,1980,2000
18:17:48:%N,2491,1980,2000
18:17:48:%N,2483,2025,2000
18:17:48:%N,2477,2025,2000
18:17:48:%N,2472,2025,2000
18:17:49:%N,2483,1980,2000
18:17:49:%N,2468,2025,2000
18:17:49:%N,2462,2025,2000
18:17:49:%N,2477,1980,2000
18:17:49:%N,2483,1980,2000
18:17:49:%N,2468,2025,2000
18:17:49:%N,2486,1980,2000
18:17:49:%N,2456,2070,2000
18:17:50:%N,2480,1980,2000
18:17:50:%N,2470,1980,2000
18:17:50:%N,2439,2070,2000
18:17:50:%N,2465,2025,2000
18:17:50:%N,2463,1980,2000
18:17:50:%N,2449,2025,2000
18:17:50:%N,2466,1980,2000
18:17:50:%N,2453,2025,2000
18:17:50:%N,2462,1980,2000
18:17:51:%N,2468,1980,2000
18:17:51:%N,2443,2070,2000
18:17:51:%N,2466,1980,2000
18:17:51:%N,2472,1980,2000
18:17:51:%N,2470,1980,2000
18:17:51:%N,2476,1980,2000
18:17:51:%N,2481,1980,2000
18:17:52:%N,2470,2025,2000
18:17:52:%N,2485,1980,2000
18:17:52:%N,2474,2025,2000
18:17:52:%N,2469,2025,2000
18:17:52:%N,2470,1980,2000
18:17:52:%N,2475,1980,2000
18:17:52:%N,2460,2025,2000
18:17:52:%N,2455,2025,2000
18:17:52:%N,2450,2025,2000
18:17:53:%N,2464,1980,2000
18:17:53:%N,2448,2025,2000
18:17:53:%N,2459,1980,2000
18:17:53:%N,2465,1980,2000
18:17:53:%N,2453,2025,2000
18:17:53:%N,2463,1980,2000
18:17:53:%N,2469,1980,2000
18:17:53:%N,2450,2025,2000
18:17:54:%N,2465,1980,2000
18:17:54:%N,2446,2025,2000
18:17:54:%N,2440,2025,2000
18:17:54:%N,2452,1980,2000
18:17:54:%N,2443,2025,2000
18:17:54:%N,2437,2025,2000
18:17:54:%N,2454,1980,2000
18:17:54:%N,2442,2025,2000
18:17:55:%N,2456,1980,2000
18:17:55:%N,2454,1980,2000
18:17:55:%N,2460,1980,2000
18:17:55:%N,2444,2025,2000
18:17:55:%N,2439,2025,2000
18:17:55:%N,2452,1980,2000
18:17:55:%N,2450,1980,2000
18:17:55:%N,2455,1980,2000
18:17:56:%N,2461,2025,2000
18:17:56:%N,2442,2025,2000
18:17:56:%N,2443,2025,2000
18:17:56:%N,2456,1980,2000
18:17:56:%N,2455,1980,2000
18:17:56:%N,2461,1980,2000
18:17:56:%N,2468,1980,2000
18:17:56:%N,2452,2025,2000
18:17:57:%N,2463,1980,2000
18:17:57:%N,2469,1980,2000
18:17:57:%N,2458,2025,2000
18:17:57:%N,2452,2025,2000
18:17:57:%N,2446,2025,2000
18:17:57:%N,2460,1980,2000
18:17:57:%N,2451,2025,2000
18:17:57:%N,2446,2025,2000
18:17:58:%N,2460,1980,2000
18:17:58:%N,2451,2025,2000
18:17:58:%N,2446,2025,2000
18:17:58:%N,2440,1980,2000
18:17:58:%N,2442,2025,2000
18:17:58:%N,2457,1980,2000
18:17:58:%N,2446,2025,2000
18:17:58:%N,2461,1980,2000
18:17:58:%N,2450,2025,2000
18:17:59:%N,2465,2025,2000
18:17:59:%N,2464,1980,2000
18:17:59:%N,2462,1980,2000
18:17:59:%N,2427,1980,2000
18:17:59:%N,2459,1980,2000
18:17:59:%N,2465,2025,2000
18:17:59:%N,2463,1980,2000
18:18:00:%N,2468,1980,2000
18:18:00:%N,2451,2025,2000
18:18:00:%N,2463,1980,2000
18:18:00:%N,2469,1980,2000
18:18:00:%N,2450,2025,2000
18:18:00:%N,2464,1980,2000
18:18:00:%N,2462,1980,2000
18:18:00:%N,2467,1980,2000
18:18:00:%N,2453,2025,2000
18:18:01:%N,2476,1935,2000
18:18:01:%N,2458,2025,2000
18:18:01:%N,2452,2025,2000
18:18:01:%N,2454,2025,2000
18:18:01:%N,2469,2070,2000
18:18:01:%N,2441,2025,2000
18:18:01:%N,2443,2025,2000
18:18:01:%N,2456,1980,2000
18:18:02:%N,2440,2025,2000
18:18:02:%N,2451,1980,2000
18:18:02:%N,2443,2025,2000
18:18:02:%N,2456,1980,2000
18:18:02:%N,2454,1980,2000
18:18:02:%N,2460,1980,2000
18:18:02:%N,2465,1980,2000
18:18:02:%N,2447,2025,2000
18:18:03:%N,2460,1980,2000
18:18:03:%N,2465,1980,2000
18:18:03:%N,2447,2025,2000
18:18:03:%N,2441,2025,2000
18:18:03:%N,2443,2025,2000
18:18:03:%N,2438,2025,2000
18:18:03:%N,2453,1980,2000
18:18:03:%N,2459,1980,2000
18:18:03:%N,2444,1980,2000
18:18:04:%N,2446,2025,2000
18:18:04:%N,2447,2025,2000
18:18:04:%N,2460,1980,2000
18:18:04:%N,2467,1980,2000
18:18:04:%N,2452,2025,2000
18:18:04:%N,2463,1980,2000
18:18:04:%N,2448,1980,2000
18:18:05:%N,2450,2025,2000
18:18:05:%N,2445,2025,2000
18:18:05:%N,2462,1980,2000
18:18:05:%N,2467,1980,2000
18:18:05:%N,2452,2025,2000
18:18:05:%N,2470,1980,2000
18:18:05:%N,2475,1980,2000
18:18:05:%N,2480,1980,2000
18:18:05:%N,2464,1980,2000
18:18:06:%N,2467,2025,2000
18:18:06:%N,2480,1980,2000
18:18:06:%N,2477,1980,2000
18:18:06:%N,2484,1980,2000
18:18:06:%N,2482,1980,2000
18:18:06:%N,2488,1980,2000
18:18:06:%N,2479,2025,2000
18:18:06:%N,2473,2025,2000
18:18:07:%N,2490,1980,2000
18:18:07:%N,2497,2025,2000
18:18:07:%N,2478,2025,2000
18:18:07:%N,2493,1980,2000
18:18:07:%N,2481,2025,2000
18:18:07:%N,2476,2025,2000
18:18:07:%N,2471,2025,2000
18:18:07:%N,2483,1980,2000
18:18:08:%N,2488,1980,2000
18:18:08:%N,2494,1980,2000
18:18:08:%N,2481,2025,2000
18:18:08:%N,2476,2025,2000
18:18:08:%N,2479,2025,2000
18:18:08:%N,2491,1980,2000
18:18:08:%N,2476,2025,2000
18:18:08:%N,2494,1980,2000
18:18:08:%N,2481,2025,2000
18:18:09:%N,2490,1980,2000
18:18:09:%N,2497,1980,2000
18:18:09:%N,2478,2025,2000
18:18:09:%N,2494,1980,2000
18:18:09:%N,2480,2025,2000
18:18:09:%N,2490,1980,2000
18:18:09:%N,2496,1980,2000
18:18:09:%N,2487,2025,2000
18:18:10:%N,2499,1980,2000
18:18:10:%N,2497,1980,2000
18:18:10:%N,2485,2025,2000
18:18:10:%N,2480,1980,2000
18:18:10:%N,2498,1980,2000
18:18:10:%N,2485,2025,2000
18:18:10:%N,2480,1980,2000
18:18:10:%N,2498,1980,2000
18:18:10:%N,2485,2025,2000
18:18:11:%N,2480,2025,2000
18:18:11:%N,2491,1980,2000
18:18:11:%N,2496,1980,2000
18:18:11:%N,2486,2025,2000
18:18:11:%N,2500,1980,2000
18:18:11:%N,2507,1980,2000
18:18:11:%N,2491,2025,2000
18:18:12:%N,2504,1980,2000
18:18:12:%N,2487,2025,2000
18:18:12:%N,2500,1980,2000
18:18:12:%N,2490,1980,2000
18:18:12:%N,2497,1980,2000
18:18:12:%N,2478,2025,2000
18:18:12:%N,2492,1980,2000
18:18:12:%N,2483,2025,2000
18:18:12:%N,2478,2025,2000
18:18:13:%N,2492,1980,2000
18:18:13:%N,2476,1980,2000
18:18:13:%N,2478,2025,2000
18:18:13:%N,2492,1980,2000
18:18:13:%N,2483,2025,2000
18:18:13:%N,2478,2025,2000
18:18:13:%N,2492,1980,2000
18:18:13:%N,2475,2025,2000
18:18:14:%N,2487,1980,2000
18:18:14:%N,2471,2025,2000
18:18:14:%N,2484,1980,2000
18:18:14:%N,2491,1980,2000
18:18:14:%N,2497,1980,2000
18:18:14:%N,2485,2025,2000
18:18:14:%N,2502,1980,2000
18:18:14:%N,2489,2025,2000
18:18:15:%N,2505,1980,2000
18:18:15:%N,2511,1980,2000
18:18:15:%N,2495,2025,2000
18:18:15:%N,2508,1980,2000
18:18:15:%N,2515,1980,2000
18:18:15:%N,2513,1980,2000
18:18:15:%N,2519,1980,2000
18:18:15:%N,2517,1980,2000
18:18:16:%N,2487,2070,2000
18:18:16:%N,2513,1980,2000
18:18:16:%N,2500,2025,2000
18:18:16:%N,2494,2025,2000
18:18:16:%N,2488,2025,2000
18:18:16:%N,2507,1980,2000
18:18:16:%N,2492,2025,2000
18:18:17:%N,2495,2025,2000
18:18:17:%N,2489,2025,2000
18:18:17:%N,2484,2025,2000
18:18:17:%N,2494,1980,2000
18:18:17:%N,2481,2025,2000
18:18:17:%N,2497,1980,2000
18:18:17:%N,2486,2025,2000
18:18:17:%N,2481,2025,2000
18:18:17:%N,2497,1980,2000
18:18:18:%N,2502,1980,2000
18:18:18:%N,2489,2025,2000
18:18:18:%N,2497,1980,2000
18:18:18:%N,2503,1980,2000
18:18:18:%N,2467,2070,2000
18:18:18:%N,2498,1980,2000
18:18:18:%N,2503,1980,2000
18:18:18:%N,2488,2025,2000
18:18:18:%N,2491,2025,2000
18:18:19:%N,2503,1980,2000
18:18:19:%N,2509,1980,2000
18:18:19:%N,2497,2025,2000
18:18:19:%N,2499,2025,2000
18:18:19:%N,2512,1980,2000
18:18:19:%N,2510,1980,2000
18:18:19:%N,2496,1980,2000
18:18:19:%N,2480,2070,2000
18:18:20:%N,2505,1980,2000
18:18:20:%N,2493,2025,2000
18:18:20:%N,2502,1980,2000
18:18:20:%N,2508,1980,2000
18:18:20:%N,2514,1980,2000
18:18:20:%N,2482,2070,2000
18:18:20:%N,2525,1935,2000
18:18:20:%N,2523,1980,2000
18:18:21:%N,2508,2025,2000
18:18:21:%N,2510,2025,2000
18:18:21:%N,2505,2025,2000
18:18:21:%N,2521,2025,2000
18:18:21:%N,2518,1980,2000
18:18:21:%N,2524,1980,2000
18:18:21:%N,2522,1980,2000
18:18:21:%N,2508,2025,2000
18:18:22:%N,2510,2025,2000
18:18:22:%N,2524,1980,2000
18:18:22:%N,2522,1980,2000
18:18:22:%N,2508,2025,2000
18:18:22:%N,2526,1980,2000
18:18:22:%N,2512,2025,2000
18:18:22:%N,2529,1980,2000
18:18:22:%N,2517,2025,2000
18:18:23:%N,2511,2025,2000
18:18:23:%N,2523,1980,2000
18:18:23:%N,2501,2070,2000
18:18:23:%N,2519,1980,2000
18:18:23:%N,2524,1980,2000
18:18:23:%N,2506,2025,2000
18:18:23:%N,2483,2070,2000
18:18:23:%N,2509,2070,2000
18:18:23:%N,2498,1980,2000
18:18:24:%N,2485,2025,2000
18:18:24:%N,2493,1980,2000
18:18:24:%N,2465,2070,2000
18:18:24:%N,2489,1980,2000
18:18:24:%N,2446,2070,2000
18:18:24:%N,2448,2025,2000
18:18:24:%N,2426,2070,2000
18:18:24:%N,2449,1980,2000
18:18:25:%N,2447,1980,2000
18:18:25:%N,2453,1980,2000
18:18:25:%N,2459,1980,2000
18:18:25:%N,2458,1980,2000
18:18:25:%N,2445,2025,2000
18:18:25:%N,2454,1980,2000
18:18:25:%N,2441,2025,2000
18:18:25:%N,2436,1980,2000
18:18:26:%N,2455,1980,2000
18:18:26:%N,2460,1980,2000
18:18:26:%N,2450,1980,2000
18:18:26:%N,2438,2025,2000
18:18:26:%N,2453,1980,2000
18:18:26:%N,2450,1980,2000
18:18:26:%N,2455,1980,2000
18:18:26:%N,2461,1980,2000
18:18:26:%N,2451,2025,2000
18:18:27:%N,2445,2025,2000
18:18:27:%N,2446,2025,2000
18:18:27:%N,2426,2070,2000
18:18:27:%N,2444,1980,2000
18:18:27:%N,2443,2025,2000
18:18:27:%N,2437,2025,2000
18:18:27:%N,2446,1980,2000
18:18:28:%N,2452,1980,2000
18:18:28:%N,2443,2025,2000
18:18:28:%N,2456,1980,2000
18:18:28:%N,2447,2025,2000
18:18:28:%N,2460,1980,2000
18:18:28:%N,2458,1980,2000
18:18:28:%N,2446,2025,2000
18:18:28:%N,2460,1980,2000
18:18:28:%N,2465,1980,2000
18:18:29:%N,2471,1980,2000
18:18:29:%N,2476,1980,2000
18:18:29:%N,2459,2025,2000
18:18:29:%N,2471,1980,2000
18:18:29:%N,2456,2025,2000
18:18:29:%N,2467,1980,2000
18:18:29:%N,2452,2025,2000
18:18:29:%N,2463,1980,2000
18:18:30:%N,2448,1980,2000
18:18:30:%N,2449,2025,2000
18:18:30:%N,2466,1980,2000
18:18:30:%N,2473,1980,2000
18:18:30:%N,2462,2025,2000
18:18:30:%N,2477,2025,2000
18:18:30:%N,2458,2025,2000
18:18:30:%N,2472,1980,2000
18:18:31:%N,2455,2025,2000
18:18:31:%N,2449,2025,2000
18:18:31:%N,2451,2025,2000
18:18:31:%N,2446,2025,2000
18:18:31:%N,2461,1980,2000
18:18:31:%N,2466,1980,2000
18:18:31:%N,2471,1980,2000
18:18:31:%N,2476,1980,2000
18:18:32:%N,2459,2025,2000
18:18:32:%N,2472,1980,2000
18:18:32:%N,2478,1980,2000
18:18:32:%N,2484,1980,2000
18:18:32:%N,2474,2025,2000
18:18:32:%N,2488,1980,2000
18:18:32:%N,2487,1980,2000
18:18:32:%N,2493,1980,2000
18:18:33:%N,2482,2025,2000
18:18:33:%N,2476,1980,2000
18:18:33:%N,2477,2025,2000
18:18:33:%N,2485,1980,2000
18:18:33:%N,2491,1980,2000
18:18:33:%N,2497,1980,2000
18:18:33:%N,2479,2025,2000
18:18:33:%N,2491,1980,2000
18:18:34:%N,2497,1980,2000
18:18:34:%N,2486,2025,2000
18:18:34:%N,2500,1980,2000
18:18:34:%N,2491,2025,2000
18:18:34:%N,2485,2025,2000
18:18:34:%N,2480,2025,2000
18:18:34:%N,2483,2025,2000
18:18:34:%N,2495,1980,2000
18:18:34:%N,2480,2025,2000
18:18:35:%N,2473,2025,2000
18:18:35:%N,2490,1980,2000
18:18:35:%N,2496,1980,2000
18:18:35:%N,2503,1980,2000
18:18:35:%N,2487,2025,2000
18:18:35:%N,2499,1980,2000
18:18:35:%N,2491,2025,2000
18:18:35:%N,2485,2025,2000
18:18:36:%N,2493,1980,2000
18:18:36:%N,2499,1980,2000
18:18:36:%N,2484,1980,2000
18:18:36:%N,2502,1980,2000
18:18:36:%N,2488,2025,2000
18:18:36:%N,2505,2025,2000
18:18:36:%N,2486,2025,2000
18:18:36:%N,2499,1980,2000
18:18:37:%N,2484,2025,2000
18:18:37:%N,2486,2025,2000
18:18:37:%N,2481,2025,2000
18:18:37:%N,2475,2025,2000
18:18:37:%N,2488,1980,2000
18:18:37:%N,2462,2070,2000
18:18:37:%N,2484,1980,2000
18:18:37:%N,2474,2025,2000
18:18:38:%N,2489,1980,2000
18:18:38:%N,2487,1980,2000
18:18:38:%N,2486,1980,2000
18:18:38:%N,2472,2025,2000
18:18:38:%N,2498,1980,2000
18:18:38:%N,2484,2025,2000
18:18:38:%N,2479,2025,2000
18:18:38:%N,2491,1980,2000
18:18:39:%N,2456,2070,2000
18:18:39:%N,2478,1980,2000
18:18:39:%N,2465,2025,2000
18:18:39:%N,2467,2025,2000
18:18:39:%N,2462,2025,2000
18:18:39:%N,2477,1980,2000
18:18:39:%N,2482,1980,2000
18:18:39:%N,2487,1980,2000
18:18:39:%N,2473,2025,2000
18:18:40:%N,2482,1980,2000
18:18:40:%N,2488,1980,2000
18:18:40:%N,2470,2025,2000
18:18:40:%N,2500,1935,2000
18:18:40:%N,2480,2025,2000
18:18:40:%N,2499,1980,2000
18:18:40:%N,2505,1980,2000
18:18:41:%N,2494,2025,2000
18:18:41:%N,2509,1980,2000
18:18:41:%N,2515,1980,2000
18:18:41:%N,2507,2025,2000
18:18:41:%N,2519,1980,2000
18:18:41:%N,2524,1980,2000
18:18:41:%N,2507,2025,2000
18:18:41:%N,2519,1980,2000
18:18:41:%N,2524,1980,2000
18:18:42:%N,2515,2025,2000
18:18:42:%N,2527,1980,2000
18:18:42:%N,2511,2025,2000
18:18:42:%N,2506,2025,2000
18:18:42:%N,2520,1980,2000
18:18:42:%N,2526,1980,2000
18:18:42:%N,2532,1980,2000
18:18:42:%N,2538,1980,2000
18:18:43:%N,2544,2025,2000
18:18:43:%N,2525,2025,2000
18:18:43:%N,2542,1980,2000
18:18:43:%N,2548,2070,2000
18:18:43:%N,2538,1980,2000
18:18:43:%N,2544,2025,2000
18:18:43:%N,2542,1980,2000
18:18:43:%N,2528,2025,2000
18:18:44:%N,2545,1980,2000
18:18:44:%N,2532,2025,2000
18:18:44:%N,2549,2025,2000
18:18:44:%N,2530,2025,2000
18:18:44:%N,2525,2025,2000
18:18:44:%N,2540,1980,2000
18:18:44:%N,2530,2025,2000
18:18:44:%N,2524,2025,2000
18:18:45:%N,2541,1980,2000
18:18:45:%N,2546,1980,2000
18:18:45:%N,2551,1980,2000
18:18:45:%N,2534,2025,2000
18:18:45:%N,2548,1980,2000
18:18:45:%N,2504,2070,2000
18:18:45:%N,2507,2025,2000
18:18:45:%N,2481,2070,2000
18:18:46:%N,2487,2025,2000
18:18:46:%N,2462,2070,2000
18:18:46:%N,2475,2025,2000
18:18:46:%N,2469,2025,2000
18:18:46:%N,2486,1980,2000
18:18:46:%N,2473,2025,2000
18:18:46:%N,2489,1980,2000
18:18:46:%N,2486,1980,2000
18:18:46:%N,2473,2025,2000
18:18:47:%N,2489,2025,2000
18:18:47:%N,2470,2025,2000
18:18:47:%N,2484,1980,2000
18:18:47:%N,2475,2025,2000
18:18:47:%N,2487,1980,2000
18:18:47:%N,2472,2025,2000
18:18:47:%N,2497,1935,2000
18:18:47:%N,2496,1980,2000
18:18:48:%N,2494,1980,2000
18:18:48:%N,2501,1980,2000
18:18:48:%N,2489,2025,2000
18:18:48:%N,2491,2025,2000
18:18:48:%N,2503,1980,2000
18:18:48:%N,2509,2025,2000
18:18:48:%N,2489,2025,2000
18:18:48:%N,2491,2025,2000
18:18:49:%N,2503,1980,2000
18:18:49:%N,2501,1980,2000
18:18:49:%N,2489,2025,2000
18:18:49:%N,2484,2025,2000
18:18:49:%N,2502,1980,2000
18:18:49:%N,2507,1980,2000
18:18:49:%N,2492,2025,2000
18:18:49:%N,2495,2025,2000
18:18:50:%N,2507,1980,2000
18:18:50:%N,2513,1980,2000
18:18:50:%N,2502,2025,2000
18:18:50:%N,2497,2025,2000
18:18:50:%N,2513,1980,2000
18:18:50:%N,2519,1980,2000
18:18:50:%N,2517,1980,2000
18:18:50:%N,2504,2025,2000
18:18:51:%N,2523,1980,2000
18:18:51:%N,2514,2025,2000
18:18:51:%N,2528,1980,2000
18:18:51:%N,2526,1980,2000
18:18:51:%N,2551,1935,2000
18:18:51:%N,2537,1980,2000
18:18:51:%N,2543,1980,2000
18:18:51:%N,2543,2025,2000
18:18:52:%N,2555,1980,2000
18:18:52:%N,2539,2025,2000
18:18:52:%N,2550,1980,2000
18:18:52:%N,2537,2025,2000
18:18:52:%N,2531,1980,2000
18:18:52:%N,2566,1935,2000
18:18:52:%N,2544,2025,2000
18:18:52:%N,2561,1980,2000
18:18:52:%N,2566,1980,2000
18:18:53:%N,2552,2025,2000
18:18:53:%N,2562,1980,2000
18:18:53:%N,2568,1935,2000
18:18:53:%N,2582,1980,2000
18:18:53:%N,2567,2070,2000
18:18:53:%N,2535,2070,2000
18:18:53:%N,2516,2070,2000
18:18:53:%N,2498,2070,2000
18:18:54:%N,2503,2025,2000
18:18:54:%N,2496,2025,2000
18:18:54:%N,2506,1980,2000
18:18:54:%N,2512,1980,2000
18:18:54:%N,2518,1980,2000
18:18:54:%N,2523,1980,2000
18:18:54:%N,2507,1980,2000
18:18:54:%N,2526,1980,2000
18:18:55:%N,2532,1980,2000
18:18:55:%N,2514,2025,2000
18:18:55:%N,2527,1980,2000
18:18:55:%N,2532,2025,2000
18:18:55:%N,2514,2025,2000
18:18:55:%N,2509,2025,2000
18:18:55:%N,2525,2070,2000
18:18:55:%N,2515,1980,2000
18:18:56:%N,2514,1980,2000
18:18:56:%N,2513,1980,2000
18:18:56:%N,2520,1980,2000
18:18:56:%N,2510,1980,2000
18:18:56:%N,2496,2025,2000
18:18:56:%N,2514,1980,2000
18:18:56:%N,2501,2025,2000
18:18:56:%N,2518,1980,2000
18:18:57:%N,2524,1980,2000
18:18:57:%N,2514,1980,2000
18:18:57:%N,2479,2070,2000
18:18:57:%N,2486,2025,2000
18:18:57:%N,2481,2025,2000
18:18:57:%N,2476,2025,2000
18:18:57:%N,2508,1935,2000
18:18:57:%N,2488,2025,2000
18:18:58:%N,2505,1980,2000
18:18:58:%N,2493,2025,2000
18:18:58:%N,2509,2025,2000
18:18:58:%N,2523,1935,2000
18:18:58:%N,2521,1980,2000
18:18:58:%N,2509,2025,2000
18:18:58:%N,2525,1980,2000
18:18:58:%N,2513,2025,2000
18:18:59:%N,2515,2025,2000
18:18:59:%N,2528,1980,2000
18:18:59:%N,2534,1980,2000
18:18:59:%N,2520,1980,2000
18:18:59:%N,Invalid RPMsg file Exiting...,Invalid RPMsg file Exiting...,Invalid RPMsg file Exiting...
18:19:00:%N,4096,0,2000
18:19:00:%N,4096,0,2000
18:19:00:%N,4096,0,2000
18:19:00:%N,4096,0,2000
18:19:00:%N,4096,0,2000
18:19:00:%N,4096,0,2000
18:19:00:%N,4096,0,2000
18:19:00:%N,4096,0,2000
18:19:00:%N,4096,0,2000
18:19:01:%N,4096,0,2000
18:19:01:%N,4096,0,2000
18:19:01:%N,4096,0,2000
18:19:01:%N,4096,0,2000
18:19:01:%N,4096,0,2000
18:19:01:%N,4096,0,2000
18:19:01:%N,4096,0,2000
18:19:01:%N,4096,0,2000
18:19:02:%N,4096,0,2000
18:19:02:%N,4096,0,2000
18:19:02:%N,4096,0,2000
18:19:02:%N,4096,0,2000
18:19:02:%N,4096,0,2000
18:19:02:%N,4096,0,2000
18:19:02:%N,4096,0,2000
18:19:02:%N,4096,0,2000
18:19:03:%N,4096,0,2000
18:19:03:%N,4096,0,2000
18:19:03:%N,4096,0,2000
18:19:03:%N,4096,0,2000
18:19:03:%N,4096,0,2000
18:19:03:%N,4096,0,2000
18:19:03:%N,4096,0,2000
18:19:03:%N,4096,0,2000
18:19:03:%N,4096,0,2000
18:19:04:%N,4096,0,2000
18:19:04:%N,4096,0,2000
18:19:04:%N,4096,0,2000
18:19:04:%N,4096,0,2000
18:19:04:%N,4096,0,2000
18:19:04:%N,4096,0,2000
18:19:04:%N,4096,0,2000
18:19:04:%N,4096,0,2000
18:19:05:%N,4096,0,2000
18:19:05:%N,4096,0,2000
18:19:05:%N,4096,0,2000
18:19:05:%N,4096,0,2000
18:19:05:%N,4096,0,2000
18:19:05:%N,4096,0,2000
18:19:05:%N,4096,0,2000
18:19:05:%N,4096,0,2000
18:19:06:%N,4096,0,2000
18:19:06:%N,4096,0,2000
18:19:06:%N,4096,0,2000
18:19:06:%N,4096,0,2000
18:19:06:%N,4096,0,2000
18:19:06:%N,4096,0,2000
18:19:06:%N,4096,0,2000
18:19:06:%N,4096,0,2000
18:19:07:%N,4096,0,2000
18:19:07:%N,4096,0,2000
18:19:07:%N,4096,0,2000
18:19:07:%N,4096,0,2000
18:19:07:%N,4096,0,2000
18:19:07:%N,4096,0,2000
18:19:07:%N,4096,0,2000
18:19:07:%N,4096,0,2000
18:19:08:%N,4096,0,2000
18:19:08:%N,4096,0,2000
18:19:08:%N,4096,0,2000
18:19:08:%N,4096,0,2000
18:19:08:%N,4096,0,2000
18:19:08:%N,4096,0,2000
18:19:08:%N,4096,0,2000
18:19:08:%N,4096,0,2000
18:19:08:%N,4096,0,2000
18:19:09:%N,4096,0,2000
18:19:09:%N,4096,0,2000
18:19:09:%N,4096,0,2000
18:19:09:%N,4096,0,2000
18:19:09:%N,4096,0,2000
18:19:09:%N,4096,0,2000
18:19:09:%N,4096,0,2000
18:19:10:%N,4096,0,2000
18:19:10:%N,4096,0,2000
18:19:10:%N,4096,0,2000
18:19:10:%N,4096,0,2000
18:19:10:%N,4096,0,2000
18:19:10:%N,4096,0,2000
18:19:10:%N,4096,0,2000
18:19:10:%N,4096,0,2000
18:19:10:%N,4096,0,2000
18:19:11:%N,4096,0,2000
18:19:11:%N,4096,0,2000
18:19:11:%N,4096,0,2000
18:19:11:%N,4096,0,2000
18:19:11:%N,4096,0,2000
18:19:11:%N,4096,0,2000
18:19:11:%N,4096,0,2000
18:19:11:%N,4096,0,2000
18:19:12:%N,4096,0,2000
18:19:12:%N,4096,0,2000
18:19:12:%N,4096,0,2000
18:19:12:%N,4096,0,2000
18:19:12:%N,4096,0,2000
18:19:12:%N,4096,0,2000
18:19:12:%N,4096,0,2000
18:19:12:%N,4096,0,2000
18:19:13:%N,4096,0,2000
18:19:13:%N,4096,0,2000
18:19:13:%N,4096,0,2000
18:19:13:%N,4096,0,2000
18:19:13:%N,4096,0,2000
18:19:13:%N,4096,0,2000
18:19:13:%N,4096,0,2000
18:19:13:%N,4096,0,2000
18:19:14:%N,4096,0,2000
18:19:14:%N,4096,0,2000
18:19:14:%N,4096,0,2000
18:19:14:%N,4096,0,2000
18:19:14:%N,4096,0,2000
18:19:14:%N,4096,0,2000
18:19:14:%N,4096,0,2000
18:19:14:%N,0,0,2000
18:19:15:%N,0,0,2000
18:19:15:%N,0,0,2000
18:19:15:%N,0,0,2000
18:19:15:%N,0,0,2000
18:19:15:%N,0,0,2000
18:19:15:%N,0,0,2000
18:19:15:%N,0,0,2000
18:19:15:%N,0,0,2000
18:19:16:%N,0,0,2000
18:19:16:%N,0,0,2000
18:19:16:%N,0,0,2000
18:19:16:%N,0,0,2000
18:19:16:%N,0,0,2000
18:19:16:%N,0,0,2000
18:19:16:%N,0,0,2000
18:19:16:%N,0,0,2000
18:19:16:%N,0,0,2000
18:19:17:%N,0,0,2000
18:19:17:%N,0,0,2000
18:19:17:%N,0,0,2000
18:19:17:%N,0,0,2000
18:19:17:%N,0,0,2000
18:19:17:%N,0,0,2000
18:19:17:%N,0,0,2000
18:19:18:%N,0,0,2000
18:19:18:%N,0,0,2000
18:19:18:%N,0,0,2000
18:19:18:%N,0,0,2000
18:19:18:%N,0,0,2000
18:19:18:%N,0,0,2000
18:19:18:%N,0,0,2000
18:19:18:%N,0,0,2000
18:19:18:%N,0,0,2000
18:19:19:%N,0,0,2000
18:19:19:%N,0,0,2000
18:19:19:%N,0,0,2000
18:19:19:%N,0,0,2000
18:19:19:%N,0,0,2000
18:19:19:%N,0,0,2000
18:19:19:%N,0,0,2000
18:19:19:%N,0,0,2000
18:19:20:%N,0,0,2000
18:19:20:%N,0,0,2000
18:19:20:%N,0,0,2000
18:19:20:%N,0,0,2000
18:19:20:%N,0,0,2000
18:19:20:%N,0,0,2000
18:19:20:%N,0,0,2000
18:19:21:%N,0,0,2000
18:19:21:%N,0,0,2000
18:19:21:%N,0,0,2000
18:19:21:%N,0,0,2000
18:19:21:%N,0,0,2000
18:19:21:%N,0,0,2000
18:19:21:%N,0,0,2000
18:19:21:%N,0,0,2000
18:19:21:%N,0,0,2000
18:19:22:%N,0,0,2000
18:19:22:%N,0,0,2000
18:19:22:%N,0,0,2000
18:19:22:%N,0,0,2000
18:19:22:%N,0,0,2000
18:19:22:%N,0,0,2000
18:19:22:%N,0,0,2000
18:19:22:%N,0,0,2000
18:19:23:%N,0,0,2000
18:19:23:%N,0,0,2000
18:19:23:%N,0,0,2000
18:19:23:%N,0,0,2000
18:19:23:%N,0,0,2000
18:19:23:%N,0,0,2000
18:19:23:%N,0,0,2000
18:19:23:%N,0,0,2000
18:19:24:%N,0,0,2000
18:19:24:%N,0,0,2000
18:19:24:%N,0,0,2000
18:19:24:%N,0,0,2000
18:19:24:%N,0,0,2000
18:19:24:%N,0,0,2000
18:19:24:%N,0,0,2000
18:19:24:%N,0,0,2000
18:19:24:%N,0,0,2000
18:19:25:%N,0,0,2000
18:19:25:%N,0,0,2000
18:19:25:%N,0,0,2000
18:19:25:%N,0,0,2000
18:19:25:%N,0,0,2000
18:19:25:%N,0,0,2000
18:19:25:%N,0,0,2000
18:19:25:%N,0,0,2000
18:19:26:%N,0,0,2000
18:19:26:%N,0,0,2000
18:19:26:%N,0,0,2000
18:19:26:%N,0,0,2000
18:19:26:%N,0,0,2000
18:19:26:%N,0,0,2000
18:19:26:%N,0,0,2000
18:19:26:%N,0,0,2000
18:19:27:%N,0,0,2000
18:19:27:%N,0,0,2000
18:19:27:%N,0,0,2000
18:19:27:%N,0,0,2000
18:19:27:%N,0,0,2000
18:19:27:%N,0,0,2000
18:19:27:%N,0,0,2000
18:19:27:%N,0,0,2000
18:19:28:%N,0,0,2000
18:19:28:%N,0,0,2000
18:19:28:%N,0,0,2000
18:19:28:%N,0,0,2000
18:19:28:%N,0,0,2000
18:19:28:%N,0,0,2000
18:19:28:%N,0,0,2000
18:19:28:%N,0,0,2000
18:19:29:%N,526,0,2000
18:19:29:%N,1074,0,2000
18:19:29:%N,1615,0,2000
18:19:29:%N,2144,0,2000
18:19:29:%N,2664,0,2000
18:19:29:%N,3181,0,2000
18:19:29:%N,3707,0,2000
18:19:29:%N,4096,0,2000
18:19:29:%N,4096,0,2000
18:19:30:%N,4096,0,2000
18:19:30:%N,4096,0,2000
18:19:30:%N,4096,0,2000
18:19:30:%N,4096,0,2000
18:19:30:%N,4096,0,2000
18:19:30:%N,4096,0,2000
18:19:30:%N,4096,0,2000
18:19:31:%N,4096,0,2000
18:19:31:%N,4096,0,2000
18:19:31:%N,4096,0,2000
18:19:31:%N,4096,0,2000
18:19:31:%N,4096,0,2000
18:19:31:%N,4096,0,2000
18:19:31:%N,4096,0,2000
18:19:31:%N,4096,0,2000
18:19:31:%N,4096,0,2000
18:19:32:%N,4096,0,2000
18:19:32:%N,4096,0,2000
18:19:32:%N,4096,0,2000
18:19:32:%N,4096,0,2000
18:19:32:%N,4096,0,2000
18:19:32:%N,4096,0,2000
18:19:32:%N,4096,0,2000
18:19:32:%N,4096,0,2000
18:19:33:%N,4096,0,2000
18:19:33:%N,4096,0,2000
18:19:33:%N,4096,0,2000
18:19:33:%N,4096,0,2000
18:19:33:%N,4096,0,2000
18:19:33:%N,4096,0,2000
18:19:33:%N,4096,0,2000
18:19:33:%N,4096,0,2000
18:19:34:%N,4096,0,2000
18:19:34:%N,4096,0,2000
18:19:34:%N,4096,0,2000
18:19:34:%N,4096,0,2000
18:19:34:%N,4096,0,2000
18:19:34:%N,4096,0,2000
18:19:34:%N,4096,0,2000
18:19:34:%N,4096,0,2000
18:19:35:%N,4096,0,2000
18:19:35:%N,4096,0,2000
18:19:35:%N,4096,0,2000
18:19:35:%N,4096,0,2000
18:19:35:%N,4096,0,2000
18:19:35:%N,4096,0,2000
18:19:35:%N,4096,0,2000
18:19:35:%N,4096,0,2000
18:19:36:%N,4096,0,2000
18:19:36:%N,4096,0,2000
18:19:36:%N,4096,0,2000
18:19:36:%N,4096,0,2000
18:19:36:%N,4096,0,2000
18:19:36:%N,4096,0,2000
18:19:36:%N,4096,0,2000
18:19:36:%N,4096,0,2000
18:19:37:%N,4096,0,2000
18:19:37:%N,4096,0,2000
18:19:37:%N,4096,0,2000
18:19:37:%N,4096,0,2000
18:19:37:%N,4096,0,2000
18:19:37:%N,4096,0,2000
18:19:37:%N,4096,0,2000
18:19:37:%N,4096,0,2000
18:19:37:%N,4096,0,2000
18:19:38:%N,4096,0,2000
18:19:38:%N,4096,0,2000
18:19:38:%N,4096,0,2000
18:19:38:%N,4096,0,2000
18:19:38:%N,4096,0,2000
18:19:38:%N,4096,0,2000
18:19:38:%N,4096,0,2000
18:19:39:%N,4096,0,2000
18:19:39:%N,4096,0,2000
18:19:39:%N,4096,0,2000
18:19:39:%N,4096,0,2000
18:19:39:%N,4096,0,2000
18:19:39:%N,4096,0,2000
18:19:39:%N,4096,0,2000
18:19:39:%N,4096,0,2000
18:19:39:%N,4096,0,2000
18:19:40:%N,4096,0,2000
18:19:40:%N,4096,0,2000
18:19:40:%N,4096,0,2000
18:19:40:%N,4096,0,2000
18:19:40:%N,4096,0,2000
18:19:40:%N,4096,0,2000
18:19:40:%N,4096,0,2000
18:19:40:%N,4096,0,2000
18:19:41:%N,4096,0,2000
18:19:41:%N,4096,0,2000
18:19:41:%N,4096,0,2000
18:19:41:%N,4096,0,2000
18:19:41:%N,4096,0,2000
18:19:41:%N,4096,0,2000
18:19:41:%N,4096,0,2000
18:19:42:%N,4096,0,2000
18:19:42:%N,4096,0,2000
18:19:42:%N,4096,0,2000
18:19:42:%N,4096,0,2000
18:19:42:%N,4096,0,2000
18:19:42:%N,4096,0,2000
18:19:42:%N,4096,0,2000
18:19:42:%N,4096,0,2000
18:19:42:%N,4096,0,2000
18:19:43:%N,4096,0,2000
18:19:43:%N,4096,0,2000
18:19:43:%N,4096,0,2000
18:19:43:%N,4096,0,2000
18:19:43:%N,4096,0,2000
18:19:43:%N,4096,0,2000
18:19:43:%N,4096,0,2000
18:19:43:%N,4096,0,2000
18:19:44:%N,4096,0,2000
18:19:44:%N,4096,0,2000
18:19:44:%N,4096,0,2000
18:19:44:%N,4096,0,2000
18:19:44:%N,4096,0,2000
18:19:44:%N,4096,0,2000
18:19:44:%N,4096,0,2000
18:19:44:%N,0,0,2000
18:19:45:%N,0,0,2000
18:19:45:%N,0,0,2000
18:19:45:%N,0,0,2000
18:19:45:%N,0,0,2000
18:19:45:%N,0,0,2000
18:19:45:%N,0,0,2000
18:19:45:%N,0,0,2000
18:19:45:%N,0,0,2000
18:19:45:%N,0,0,2000
18:19:46:%N,0,0,2000
18:19:46:%N,0,0,2000
18:19:46:%N,0,0,2000
18:19:46:%N,0,0,2000
18:19:46:%N,0,0,2000
18:19:46:%N,0,0,2000
18:19:46:%N,0,0,2000
18:19:47:%N,0,0,2000
18:19:47:%N,0,0,2000
18:19:47:%N,0,0,2000
18:19:47:%N,0,0,2000
18:19:47:%N,0,0,2000
18:19:47:%N,0,0,2000
18:19:47:%N,0,0,2000
18:19:47:%N,0,0,2000
18:19:47:%N,0,0,2000
18:19:48:%N,0,0,2000
18:19:48:%N,0,0,2000
18:19:48:%N,0,0,2000
18:19:48:%N,0,0,2000
18:19:48:%N,0,0,2000
18:19:48:%N,0,0,2000
18:19:48:%N,0,0,2000
18:19:48:%N,0,0,2000
18:19:49:%N,0,0,2000
18:19:49:%N,0,0,2000
18:19:49:%N,0,0,2000
18:19:49:%N,0,0,2000
18:19:49:%N,0,0,2000
18:19:49:%N,0,0,2000
18:19:49:%N,0,0,2000
18:19:49:%N,0,0,2000
18:19:50:%N,0,0,2000
18:19:50:%N,0,0,2000
18:19:50:%N,0,0,2000
18:19:50:%N,0,0,2000
18:19:50:%N,0,0,2000
18:19:50:%N,0,0,2000
18:19:50:%N,0,0,2000
18:19:50:%N,0,0,2000
18:19:51:%N,0,0,2000
18:19:51:%N,0,0,2000
18:19:51:%N,0,0,2000
18:19:51:%N,0,0,2000
18:19:51:%N,0,0,2000
18:19:51:%N,0,0,2000
18:19:51:%N,0,0,2000
18:19:51:%N,0,0,2000
18:19:52:%N,0,0,2000
18:19:52:%N,0,0,2000
18:19:52:%N,0,0,2000
18:19:52:%N,0,0,2000
18:19:52:%N,0,0,2000
18:19:52:%N,0,0,2000
18:19:52:%N,0,0,2000
18:19:52:%N,0,0,2000
18:19:53:%N,0,0,2000
18:19:53:%N,0,0,2000
18:19:53:%N,0,0,2000
18:19:53:%N,0,0,2000
18:19:53:%N,0,0,2000
18:19:53:%N,0,0,2000
18:19:53:%N,0,0,2000
18:19:53:%N,0,0,2000
18:19:54:%N,0,0,2000
18:19:54:%N,0,0,2000
18:19:54:%N,0,0,2000
18:19:54:%N,0,0,2000
18:19:54:%N,0,0,2000
18:19:54:%N,0,0,2000
18:19:54:%N,0,0,2000
18:19:54:%N,0,0,2000
18:19:55:%N,0,0,2000
18:19:55:%N,0,0,2000
18:19:55:%N,0,0,2000
18:19:55:%N,0,0,2000
18:19:55:%N,0,0,2000
18:19:55:%N,0,0,2000
18:19:55:%N,0,0,2000
18:19:55:%N,0,0,2000
18:19:55:%N,0,0,2000
18:19:56:%N,0,0,2000
18:19:56:%N,0,0,2000
18:19:56:%N,0,0,2000
18:19:56:%N,0,0,2000
18:19:56:%N,0,0,2000
18:19:56:%N,0,0,2000
18:19:56:%N,0,0,2000
18:19:56:%N,0,0,2000
18:19:57:%N,0,0,2000
18:19:57:%N,0,0,2000
18:19:57:%N,0,0,2000
18:19:57:%N,0,0,2000
18:19:57:%N,0,0,2000
18:19:57:%N,0,0,2000
18:19:57:%N,0,0,2000
18:19:57:%N,0,0,2000
18:19:58:%N,0,0,2000
18:19:58:%N,0,0,2000
18:19:58:%N,0,0,2000
18:19:58:%N,0,0,2000
18:19:58:%N,0,0,2000
18:19:58:%N,0,0,2000
18:19:58:%N,0,0,2000
18:19:58:%N,0,0,2000
18:19:58:%N,18,0,2000
18:19:59:%N,633,0,2000
18:19:59:%N,1298,0,2000
18:19:59:%N,1962,0,2000
18:19:59:%N,2585,0,2000
18:19:59:%N,3145,0,2000
18:19:59:%N,3703,0,2000
18:19:59:%N,4096,0,2000
18:20:00:%N,4096,0,2000
18:20:00:%N,4096,0,2000
18:20:00:%N,4096,0,2000
18:20:00:%N,4096,0,2000
18:20:00:%N,4096,0,2000
18:20:00:%N,4096,0,2000
18:20:00:%N,4096,0,2000
18:20:00:%N,4096,0,2000
18:20:00:%N,4096,0,2000
18:20:01:%N,4096,0,2000
18:20:01:%N,4096,0,2000
18:20:01:%N,4096,0,2000
18:20:01:%N,4096,0,2000
18:20:01:%N,4096,0,2000
18:20:01:%N,4096,0,2000
18:20:01:%N,4096,0,2000
18:20:01:%N,4096,0,2000
18:20:02:%N,4096,0,2000
18:20:02:%N,4096,0,2000
18:20:02:%N,4096,0,2000
18:20:02:%N,4096,0,2000
18:20:02:%N,4096,0,2000
18:20:02:%N,4096,0,2000
18:20:02:%N,4096,0,2000
18:20:02:%N,4096,0,2000
18:20:03:%N,4096,0,2000
18:20:03:%N,4096,0,2000
18:20:03:%N,4096,0,2000
18:20:03:%N,4096,0,2000
18:20:03:%N,4096,0,2000
18:20:03:%N,4096,0,2000
18:20:03:%N,4096,0,2000
18:20:03:%N,4096,0,2000
18:20:04:%N,4096,0,2000
18:20:04:%N,4096,0,2000
18:20:04:%N,4096,0,2000
18:20:04:%N,4096,0,2000
18:20:04:%N,4096,0,2000
