13:47:06:%N,4096,6030,2000
13:47:07:%N,4096,6030,2000
13:47:07:%N,4096,6120,2000
13:47:07:%N,4096,6120,2000
13:47:07:%N,4096,6030,2000
13:47:07:%N,4096,6030,2000
13:47:07:%N,4096,5985,2000
13:47:08:%N,4096,6030,2000
13:47:08:%N,4096,6030,2000
13:47:08:%N,4096,6030,2000
13:47:08:%N,4096,6030,2000
13:47:08:%N,4096,5985,2000
13:47:08:%N,4096,6030,2000
13:47:08:%N,3793,6120,2000
13:47:08:%N,2947,6210,2000
13:47:08:%N,2028,6165,2000
13:47:08:%N,1179,6030,2000
13:47:09:%N,181,6210,2000
13:47:09:%N,0,5400,2000
13:47:09:%N,0,4500,2000
13:47:09:%N,0,3600,2000
13:47:09:%N,0,2115,2000
13:47:09:%N,0,1440,2000
13:47:09:%N,0,135,2000
13:47:09:%N,159,360,2000
13:47:10:%N,0,3375,2000
13:47:10:%N,0,3690,2000
13:47:10:%N,0,2835,2000
13:47:10:%N,0,1440,2000
13:47:10:%N,0,855,2000
13:47:10:%N,0,225,2000
13:47:10:%N,972,990,2000
13:47:10:%N,0,4500,2000
13:47:10:%N,0,5400,2000
13:47:11:%N,0,4545,2000
13:47:11:%N,0,3690,2000
13:47:11:%N,0,2160,2000
13:47:11:%N,0,1530,2000
13:47:11:%N,0,855,2000
13:47:11:%N,0,135,2000
13:47:11:%N,0,2700,2000
13:47:11:%N,0,4140,2000
13:47:11:%N,0,2655,2000
13:47:12:%N,0,1980,2000
13:47:12:%N,0,630,2000
13:47:12:%N,0,0,2000
13:47:12:%N,0,1800,2000
13:47:12:%N,0,2835,2000
13:47:12:%N,0,2025,2000
13:47:12:%N,0,765,2000
13:47:12:%N,274,90,2000
13:47:12:%N,0,3195,2000
13:47:13:%N,0,4230,2000
13:47:13:%N,0,2700,2000
13:47:13:%N,0,2025,2000
13:47:13:%N,0,1305,2000
13:47:13:%N,0,720,2000
13:47:13:%N,118,45,2000
13:47:13:%N,0,1305,2000
13:47:13:%N,0,2565,2000
13:47:13:%N,0,1845,2000
13:47:13:%N,0,1170,2000
13:47:14:%N,0,3150,2000
13:47:14:%N,0,4320,2000
13:47:14:%N,0,2790,2000
13:47:14:%N,0,2070,2000
13:47:14:%N,0,1395,2000
13:47:14:%N,0,135,2000
13:47:14:%N,311,90,2000
13:47:14:%N,0,4500,2000
13:47:15:%N,0,3780,2000
13:47:15:%N,0,2205,2000
13:47:15:%N,0,1530,2000
13:47:15:%N,0,900,2000
13:47:15:%N,0,180,2000
13:47:15:%N,43,0,2000
13:47:15:%N,0,4275,2000
13:47:15:%N,0,4680,2000
13:47:15:%N,0,3870,2000
13:47:15:%N,0,3060,2000
13:47:16:%N,0,1620,2000
13:47:16:%N,0,945,2000
13:47:16:%N,0,405,2000
13:47:16:%N,390,1485,2000
13:47:16:%N,0,5580,2000
13:47:16:%N,0,5130,2000
13:47:16:%N,0,3465,2000
13:47:16:%N,0,2700,2000
13:47:17:%N,0,1935,2000
13:47:17:%N,0,675,2000
13:47:17:%N,0,0,2000
13:47:17:%N,87,0,2000
13:47:17:%N,0,2745,2000
13:47:17:%N,0,4320,2000
13:47:17:%N,0,2790,2000
13:47:17:%N,0,2070,2000
13:47:17:%N,0,1350,2000
13:47:17:%N,0,810,2000
13:47:18:%N,0,135,2000
13:47:18:%N,0,2205,2000
13:47:18:%N,0,4275,2000
13:47:18:%N,0,3555,2000
13:47:18:%N,0,2745,2000
13:47:18:%N,0,1350,2000
13:47:18:%N,0,720,2000
13:47:18:%N,138,135,2000
13:47:18:%N,0,4905,2000
13:47:19:%N,0,5040,2000
13:47:19:%N,0,3420,2000
13:47:19:%N,0,2610,2000
13:47:19:%N,0,1260,2000
13:47:19:%N,0,630,2000
13:47:19:%N,4096,-44,2000
13:47:19:%N,0,4500,2000
13:47:19:%N,0,4770,2000
13:47:20:%N,0,3195,2000
13:47:20:%N,0,2385,2000
13:47:20:%N,0,1755,2000
13:47:20:%N,0,990,2000
13:47:20:%N,0,495,2000
13:47:20:%N,4096,1215,2000
13:47:20:%N,0,4995,2000
13:47:20:%N,0,5130,2000
13:47:20:%N,0,4230,2000
13:47:20:%N,0,3420,2000
13:47:21:%N,0,1890,2000
13:47:21:%N,0,1260,2000
13:47:21:%N,0,630,2000
13:47:21:%N,494,1125,2000
13:47:21:%N,0,5625,2000
13:47:21:%N,0,4275,2000
13:47:21:%N,0,3465,2000
13:47:21:%N,0,1935,2000
13:47:22:%N,0,1260,2000
13:47:22:%N,0,675,2000
13:47:22:%N,0,-44,2000
13:47:22:%N,909,855,2000
13:47:22:%N,0,5175,2000
13:47:22:%N,0,5175,2000
13:47:22:%N,0,3420,2000
13:47:22:%N,0,2700,2000
13:47:22:%N,0,1980,2000
13:47:22:%N,0,1260,2000
13:47:23:%N,0,90,2000
13:47:23:%N,162,45,2000
13:47:23:%N,0,2970,2000
13:47:23:%N,0,4590,2000
13:47:23:%N,0,3015,2000
13:47:23:%N,0,2295,2000
13:47:23:%N,0,900,2000
13:47:23:%N,0,270,2000
13:47:23:%N,4096,225,2000
13:47:24:%N,0,5085,2000
13:47:24:%N,0,5130,2000
13:47:24:%N,0,3465,2000
13:47:24:%N,0,2655,2000
13:47:24:%N,0,1980,2000
13:47:24:%N,0,675,2000
13:47:24:%N,0,-44,2000
13:47:24:%N,1156,1125,2000
13:47:24:%N,0,5400,2000
13:47:25:%N,0,4545,2000
13:47:25:%N,0,3690,2000
13:47:25:%N,0,2880,2000
13:47:25:%N,0,2160,2000
13:47:25:%N,0,810,2000
13:47:25:%N,0,225,2000
13:47:25:%N,244,0,2000
13:47:25:%N,0,2565,2000
13:47:25:%N,0,3645,2000
13:47:26:%N,0,2070,2000
13:47:26:%N,0,1395,2000
13:47:26:%N,0,135,2000
13:47:26:%N,292,135,2000
13:47:26:%N,0,4770,2000
13:47:26:%N,0,4050,2000
13:47:26:%N,0,3150,2000
13:47:26:%N,0,1710,2000
13:47:27:%N,0,1035,2000
13:47:27:%N,0,450,2000
13:47:27:%N,0,0,2000
13:47:27:%N,146,1170,2000
13:47:27:%N,0,2160,2000
13:47:27:%N,0,1530,2000
13:47:27:%N,212,900,2000
13:47:27:%N,0,3825,2000
13:47:27:%N,0,3735,2000
13:47:27:%N,0,2880,2000
13:47:28:%N,0,2160,2000
13:47:28:%N,0,810,2000
13:47:28:%N,0,180,2000
13:47:28:%N,0,1980,2000
13:47:28:%N,0,3735,2000
13:47:28:%N,0,2250,2000
13:47:28:%N,0,1620,2000
13:47:28:%N,0,225,2000
13:47:29:%N,0,2430,2000
13:47:29:%N,0,3150,2000
13:47:29:%N,0,2385,2000
13:47:29:%N,0,1665,2000
13:47:29:%N,0,1035,2000
13:47:29:%N,137,135,2000
13:47:29:%N,0,4545,2000
13:47:29:%N,0,4545,2000
13:47:29:%N,0,3825,2000
13:47:30:%N,0,2250,2000
13:47:30:%N,0,1575,2000
13:47:30:%N,0,900,2000
13:47:30:%N,0,135,2000
13:47:30:%N,23,0,2000
13:47:30:%N,0,2475,2000
13:47:30:%N,0,4365,2000
13:47:30:%N,0,2790,2000
13:47:30:%N,0,2070,2000
13:47:31:%N,0,765,2000
13:47:31:%N,0,90,2000
13:47:31:%N,0,4455,2000
13:47:31:%N,0,4725,2000
13:47:31:%N,0,3060,2000
13:47:31:%N,0,2385,2000
13:47:31:%N,0,1710,2000
13:47:31:%N,0,990,2000
13:47:31:%N,0,0,2000
13:47:32:%N,0,0,2000
13:47:32:%N,201,315,2000
13:47:32:%N,0,4590,2000
13:47:32:%N,0,4140,2000
13:47:32:%N,0,3240,2000
13:47:32:%N,0,2520,2000
13:47:32:%N,0,1800,2000
13:47:32:%N,0,1170,2000
13:47:32:%N,0,-44,2000
13:47:33:%N,346,1170,2000
13:47:33:%N,0,5130,2000
13:47:33:%N,0,4275,2000
13:47:33:%N,0,2655,2000
13:47:33:%N,0,1935,2000
13:47:33:%N,0,675,2000
13:47:33:%N,0,0,2000
13:47:33:%N,4096,990,2000
13:47:33:%N,0,4725,2000
13:47:34:%N,0,5130,2000
13:47:34:%N,0,3465,2000
13:47:34:%N,0,2700,2000
13:47:34:%N,0,1935,2000
13:47:34:%N,0,675,2000
13:47:34:%N,0,45,2000
13:47:34:%N,50,0,2000
13:47:34:%N,0,3195,2000
13:47:34:%N,0,4005,2000
13:47:35:%N,0,2475,2000
13:47:35:%N,0,1845,2000
13:47:35:%N,0,1125,2000
13:47:35:%N,0,-44,2000
13:47:35:%N,1091,1035,2000
13:47:35:%N,0,5490,2000
13:47:35:%N,0,4635,2000
13:47:35:%N,0,2970,2000
13:47:36:%N,0,2250,2000
13:47:36:%N,0,945,2000
13:47:36:%N,0,315,2000
13:47:36:%N,4096,-44,2000
13:47:36:%N,1305,4590,2000
13:47:36:%N,0,5760,2000
13:47:36:%N,0,4770,2000
13:47:36:%N,0,3960,2000
13:47:36:%N,0,2385,2000
13:47:37:%N,0,1620,2000
13:47:37:%N,0,1080,2000
13:47:37:%N,0,360,2000
13:47:37:%N,0,-449,2000
13:47:37:%N,687,2925,2000
13:47:37:%N,0,5670,2000
13:47:37:%N,0,5445,2000
13:47:37:%N,0,3690,2000
13:47:37:%N,0,2880,2000
13:47:38:%N,8,0,2000
13:47:38:%N,0,1575,2000
13:47:38:%N,0,2205,2000
13:47:38:%N,0,1530,2000
13:47:38:%N,61,900,2000
13:47:38:%N,0,3690,2000
13:47:38:%N,0,4545,2000
13:47:39:%N,0,2925,2000
13:47:39:%N,0,2160,2000
13:47:39:%N,0,1485,2000
13:47:39:%N,0,135,2000
13:47:39:%N,2,0,2000
13:47:39:%N,167,630,2000
13:47:39:%N,0,5490,2000
13:47:39:%N,0,4320,2000
13:47:39:%N,0,3510,2000
13:47:40:%N,0,2700,2000
13:47:40:%N,0,2025,2000
13:47:40:%N,0,720,2000
13:47:40:%N,0,90,2000
13:47:40:%N,0,0,2000
13:47:40:%N,0,0,2000
13:47:40:%N,0,1170,2000
13:47:40:%N,0,3105,2000
13:47:40:%N,0,2340,2000
13:47:41:%N,0,1035,2000
13:47:41:%N,245,360,2000
13:47:41:%N,0,4095,2000
13:47:41:%N,0,3375,2000
13:47:41:%N,0,2565,2000
13:47:41:%N,0,1845,2000
13:47:41:%N,0,540,2000
13:47:41:%N,0,-44,2000
13:47:41:%N,1370,405,2000
13:47:42:%N,0,6795,2000
13:47:42:%N,0,5130,2000
13:47:42:%N,0,3420,2000
13:47:42:%N,0,2655,2000
13:47:42:%N,0,1935,2000
13:47:42:%N,0,1260,2000
13:47:42:%N,0,45,2000
13:47:42:%N,191,450,2000
13:47:42:%N,0,5085,2000
13:47:43:%N,0,4230,2000
13:47:43:%N,0,2700,2000
13:47:43:%N,0,1890,2000
13:47:43:%N,0,1260,2000
13:47:43:%N,0,-44,2000
13:47:43:%N,485,225,2000
13:47:43:%N,0,5175,2000
13:47:43:%N,0,4275,2000
13:47:43:%N,0,3465,2000
13:47:44:%N,0,1935,2000
13:47:44:%N,0,1260,2000
13:47:44:%N,0,720,2000
13:47:44:%N,4096,-44,2000
13:47:44:%N,343,1125,2000
13:47:44:%N,0,5175,2000
13:47:44:%N,0,4275,2000
13:47:44:%N,0,3420,2000
13:47:44:%N,0,2700,2000
13:47:45:%N,0,1305,2000
13:47:45:%N,0,630,2000
13:47:45:%N,0,0,2000
13:47:45:%N,5,0,2000
13:47:45:%N,59,1035,2000
13:47:45:%N,0,4725,2000
13:47:45:%N,0,3780,2000
13:47:45:%N,0,2250,2000
13:47:46:%N,0,1620,2000
13:47:46:%N,0,180,2000
13:47:46:%N,0,0,2000
13:47:46:%N,190,0,2000
13:47:46:%N,0,3375,2000
13:47:46:%N,0,2745,2000
13:47:46:%N,0,1935,2000
13:47:46:%N,0,1305,2000
13:47:46:%N,0,675,2000
13:47:46:%N,0,3375,2000
13:47:47:%N,0,4500,2000
13:47:47:%N,0,3780,2000
13:47:47:%N,0,2925,2000
13:47:47:%N,0,1485,2000
13:47:47:%N,0,855,2000
13:47:47:%N,0,360,2000
13:47:47:%N,1195,675,2000
13:47:47:%N,0,4770,2000
13:47:47:%N,0,4680,2000
13:47:48:%N,0,3870,2000
13:47:48:%N,0,2295,2000
13:47:48:%N,0,1620,2000
13:47:48:%N,0,360,2000
13:47:48:%N,0,-44,2000
13:47:48:%N,1176,855,2000
13:47:48:%N,0,4995,2000
13:47:48:%N,0,4275,2000
13:47:49:%N,0,3465,2000
13:47:49:%N,0,2700,2000
13:47:49:%N,0,1305,2000
13:47:49:%N,0,675,2000
13:47:49:%N,69,90,2000
13:47:49:%N,0,2295,2000
13:47:49:%N,0,3825,2000
13:47:49:%N,0,2295,2000
13:47:49:%N,0,1665,2000
13:47:49:%N,0,315,2000
13:47:50:%N,22,1035,2000
13:47:50:%N,0,4275,2000
13:47:50:%N,0,3465,2000
13:47:50:%N,0,1980,2000
13:47:50:%N,0,1260,2000
13:47:50:%N,0,720,2000
13:47:50:%N,0,-44,2000
13:47:50:%N,1076,1215,2000
13:47:51:%N,0,5310,2000
13:47:51:%N,0,4275,2000
13:47:51:%N,0,3420,2000
13:47:51:%N,0,2700,2000
13:47:51:%N,0,1890,2000
13:47:51:%N,0,630,2000
13:47:51:%N,27,45,2000
13:47:51:%N,0,2430,2000
13:47:51:%N,0,3780,2000
13:47:52:%N,0,2340,2000
13:47:52:%N,0,1665,2000
13:47:52:%N,0,1035,2000
13:47:52:%N,154,135,2000
13:47:52:%N,0,5985,2000
13:47:52:%N,0,4680,2000
13:47:52:%N,0,3060,2000
13:47:52:%N,0,2340,2000
13:47:52:%N,0,1035,2000
13:47:53:%N,0,0,2000
13:47:53:%N,0,0,2000
13:47:53:%N,192,0,2000
13:47:53:%N,0,4410,2000
13:47:53:%N,0,3420,2000
13:47:53:%N,0,2655,2000
13:47:53:%N,0,1260,2000
13:47:53:%N,0,630,2000
13:47:54:%N,0,-44,2000
13:47:54:%N,1130,990,2000
13:47:54:%N,0,5175,2000
13:47:54:%N,0,4275,2000
13:47:54:%N,0,3465,2000
13:47:54:%N,0,1980,2000
13:47:54:%N,0,1305,2000
13:47:54:%N,0,675,2000
13:47:54:%N,0,1890,2000
13:47:55:%N,0,4005,2000
13:47:55:%N,0,3330,2000
13:47:55:%N,0,2520,2000
13:47:55:%N,0,1170,2000
13:47:55:%N,0,495,2000
13:47:55:%N,4096,-44,2000
13:47:55:%N,1225,1305,2000
13:47:55:%N,0,5445,2000
13:47:55:%N,0,4590,2000
13:47:55:%N,0,3735,2000
13:47:56:%N,0,2925,2000
13:47:56:%N,0,1485,2000
13:47:56:%N,0,900,2000
13:47:56:%N,0,180,2000
13:47:56:%N,365,45,2000
13:47:56:%N,0,4500,2000
13:47:56:%N,0,3735,2000
13:47:56:%N,0,2880,2000
13:47:56:%N,0,1485,2000
13:47:57:%N,0,855,2000
13:47:57:%N,0,180,2000
13:47:57:%N,73,90,2000
13:47:57:%N,0,4545,2000
13:47:57:%N,0,3915,2000
13:47:57:%N,0,3060,2000
13:47:57:%N,0,2295,2000
13:47:57:%N,0,990,2000
13:47:58:%N,0,180,2000
13:47:58:%N,0,-44,2000
13:47:58:%N,1072,900,2000
13:47:58:%N,0,5715,2000
13:47:58:%N,0,4230,2000
13:47:58:%N,0,3465,2000
13:47:58:%N,0,2655,2000
13:47:58:%N,0,1980,2000
13:47:58:%N,0,675,2000
13:47:58:%N,0,45,2000
13:47:59:%N,0,1035,2000
13:47:59:%N,0,2115,2000
13:47:59:%N,0,1440,2000
13:47:59:%N,211,810,2000
13:47:59:%N,0,3240,2000
13:47:59:%N,0,3690,2000
13:47:59:%N,0,2835,2000
13:47:59:%N,0,1440,2000
13:48:00:%N,0,855,2000
13:48:00:%N,101,180,2000
13:48:00:%N,0,4545,2000
13:48:00:%N,0,4680,2000
13:48:00:%N,0,3105,2000
13:48:00:%N,0,2385,2000
13:48:00:%N,0,990,2000
13:48:00:%N,0,405,2000
13:48:00:%N,4096,-44,2000
13:48:01:%N,472,1395,2000
13:48:01:%N,0,5130,2000
13:48:01:%N,0,4275,2000
13:48:01:%N,0,3465,2000
13:48:01:%N,0,2700,2000
13:48:01:%N,0,1305,2000
13:48:01:%N,0,675,2000
13:48:01:%N,0,45,2000
13:48:01:%N,0,0,2000
13:48:02:%N,0,2925,2000
13:48:02:%N,0,3330,2000
13:48:02:%N,0,2520,2000
13:48:02:%N,0,1800,2000
13:48:02:%N,0,540,2000
13:48:02:%N,192,0,2000
13:48:02:%N,0,3645,2000
13:48:02:%N,0,2970,2000
13:48:02:%N,0,1485,2000
13:48:03:%N,0,900,2000
13:48:03:%N,338,90,2000
13:48:03:%N,0,4320,2000
13:48:03:%N,0,3555,2000
13:48:03:%N,0,2700,2000
13:48:03:%N,0,2025,2000
13:48:03:%N,0,720,2000
13:48:03:%N,0,45,2000
13:48:03:%N,0,-44,2000
13:48:04:%N,754,1980,2000
13:48:04:%N,0,4950,2000
13:48:04:%N,0,4230,2000
13:48:04:%N,0,3420,2000
13:48:04:%N,0,1980,2000
13:48:04:%N,0,1260,2000
13:48:04:%N,0,0,2000
13:48:04:%N,0,1305,2000
13:48:05:%N,0,2475,2000
13:48:05:%N,0,1710,2000
13:48:05:%N,193,405,2000
13:48:05:%N,0,2835,2000
13:48:05:%N,0,3240,2000
13:48:05:%N,0,2475,2000
13:48:05:%N,0,1800,2000
13:48:05:%N,0,1080,2000
13:48:05:%N,89,360,2000
13:48:06:%N,0,4320,2000
13:48:06:%N,0,4860,2000
13:48:06:%N,0,4050,2000
13:48:06:%N,0,3240,2000
13:48:06:%N,0,1755,2000
13:48:06:%N,0,1125,2000
13:48:06:%N,0,-44,2000
13:48:06:%N,786,4275,2000
13:48:07:%N,0,2655,2000
13:48:07:%N,0,1935,2000
13:48:07:%N,0,1260,2000
13:48:07:%N,0,45,2000
13:48:07:%N,209,1440,2000
13:48:07:%N,0,3060,2000
13:48:07:%N,0,2295,2000
13:48:08:%N,0,990,2000
13:48:08:%N,357,495,2000
13:48:08:%N,0,4680,2000
13:48:08:%N,0,3915,2000
13:48:08:%N,0,3105,2000
13:48:08:%N,0,2340,2000
13:48:08:%N,0,1620,2000
13:48:08:%N,0,270,2000
13:48:08:%N,0,0,2000
13:48:08:%N,158,0,2000
13:48:09:%N,0,2205,2000
13:48:09:%N,0,2970,2000
13:48:09:%N,0,2205,2000
13:48:09:%N,0,1530,2000
13:48:09:%N,117,225,2000
13:48:09:%N,0,4050,2000
13:48:09:%N,0,3285,2000
13:48:09:%N,0,1800,2000
13:48:10:%N,0,1170,2000
13:48:10:%N,0,540,2000
13:48:10:%N,736,1710,2000
13:48:10:%N,0,5715,2000
13:48:10:%N,0,5085,2000
13:48:10:%N,0,3420,2000
13:48:10:%N,0,2610,2000
13:48:10:%N,0,1890,2000
13:48:10:%N,0,1260,2000
13:48:11:%N,0,45,2000
13:48:11:%N,215,45,2000
13:48:11:%N,0,3825,2000
13:48:11:%N,0,900,2000
13:48:11:%N,0,-44,2000
13:48:11:%N,1080,1035,2000
13:48:11:%N,0,5715,2000
13:48:11:%N,706,90,2000
13:48:11:%N,440,1980,2000
13:48:12:%N,0,1800,2000
13:48:12:%N,633,0,2000
13:48:12:%N,0,1035,2000
13:48:12:%N,0,2520,2000
13:48:12:%N,453,810,2000
13:48:12:%N,0,4545,2000
13:48:12:%N,0,4005,2000
13:48:12:%N,0,450,2000
13:48:12:%N,0,3375,2000
13:48:13:%N,0,2430,2000
13:48:13:%N,0,90,2000
13:48:13:%N,0,2565,2000
13:48:13:%N,0,3150,2000
13:48:13:%N,0,2160,2000
13:48:13:%N,119,900,2000
13:48:13:%N,0,3195,2000
13:48:13:%N,0,1665,2000
13:48:13:%N,418,45,2000
13:48:14:%N,0,3735,2000
13:48:14:%N,0,1395,2000
13:48:14:%N,171,180,2000
13:48:14:%N,0,2880,2000
13:48:14:%N,0,2745,2000
13:48:14:%N,0,1485,2000
13:48:14:%N,85,360,2000
13:48:14:%N,0,3915,2000
13:48:15:%N,0,1350,2000
13:48:15:%N,134,90,2000
13:48:15:%N,0,2655,2000
13:48:15:%N,0,765,2000
13:48:15:%N,439,45,2000
13:48:15:%N,0,4860,2000
13:48:15:%N,0,1215,2000
13:48:15:%N,112,0,2000
13:48:15:%N,0,2025,2000
13:48:16:%N,0,2655,2000
13:48:16:%N,0,2520,2000
13:48:16:%N,0,2655,2000
13:48:16:%N,369,495,2000
13:48:16:%N,0,2745,2000
13:48:16:%N,347,315,2000
13:48:16:%N,56,2025,2000
13:48:16:%N,0,3645,2000
13:48:16:%N,0,1485,2000
13:48:17:%N,0,945,2000
13:48:17:%N,0,3060,2000
13:48:17:%N,0,2160,2000
13:48:17:%N,0,1035,2000
13:48:17:%N,356,90,2000
13:48:17:%N,0,3735,2000
13:48:17:%N,0,2430,2000
13:48:17:%N,0,1125,2000
13:48:18:%N,0,1845,2000
13:48:18:%N,0,3510,2000
13:48:18:%N,0,2250,2000
13:48:18:%N,0,990,2000
13:48:18:%N,0,2070,2000
13:48:18:%N,0,3285,2000
13:48:18:%N,0,1620,2000
13:48:18:%N,645,180,2000
13:48:18:%N,0,3240,2000
13:48:18:%N,0,1530,2000
13:48:19:%N,0,3555,2000
13:48:19:%N,0,3375,2000
13:48:19:%N,0,1890,2000
13:48:19:%N,0,2070,2000
13:48:19:%N,0,3465,2000
13:48:19:%N,0,585,2000
13:48:19:%N,0,1530,2000
13:48:19:%N,0,2520,2000
13:48:20:%N,211,675,2000
13:48:20:%N,0,1980,2000
13:48:20:%N,0,3015,2000
13:48:20:%N,0,2745,2000
13:48:20:%N,0,3060,2000
13:48:20:%N,0,1170,2000
13:48:20:%N,560,225,2000
13:48:20:%N,0,3690,2000
13:48:20:%N,0,1980,2000
13:48:20:%N,99,450,2000
13:48:21:%N,0,1485,2000
13:48:21:%N,84,900,2000
13:48:21:%N,0,2925,2000
13:48:21:%N,0,3240,2000
13:48:21:%N,0,1215,2000
13:48:21:%N,323,540,2000
13:48:21:%N,0,4230,2000
13:48:21:%N,0,3330,2000
13:48:22:%N,0,1890,2000
13:48:22:%N,0,1215,2000
13:48:22:%N,0,0,2000
13:48:22:%N,0,2970,2000
13:48:22:%N,0,3960,2000
13:48:22:%N,0,2430,2000
13:48:22:%N,0,1710,2000
13:48:22:%N,0,1035,2000
13:48:22:%N,0,450,2000
13:48:23:%N,1143,855,2000
13:48:23:%N,0,4905,2000
13:48:23:%N,0,5580,2000
13:48:23:%N,0,3690,2000
13:48:23:%N,0,2880,2000
13:48:23:%N,0,2160,2000
13:48:23:%N,0,1530,2000
13:48:23:%N,0,90,2000
13:48:23:%N,182,225,2000
13:48:24:%N,0,3870,2000
13:48:24:%N,0,3825,2000
13:48:24:%N,0,3015,2000
13:48:24:%N,0,1620,2000
13:48:24:%N,0,945,2000
13:48:24:%N,0,-44,2000
13:48:24:%N,930,765,2000
13:48:24:%N,0,5085,2000
13:48:24:%N,0,4230,2000
13:48:25:%N,0,3375,2000
13:48:25:%N,0,2610,2000
13:48:25:%N,0,1215,2000
13:48:25:%N,0,630,2000
13:48:25:%N,4096,-44,2000
13:48:25:%N,855,1440,2000
13:48:25:%N,0,4995,2000
13:48:25:%N,0,4185,2000
13:48:25:%N,0,3285,2000
13:48:26:%N,0,2565,2000
13:48:26:%N,0,1170,2000
13:48:26:%N,0,540,2000
13:48:26:%N,233,2610,2000
13:48:26:%N,0,3600,2000
13:48:26:%N,0,2115,2000
13:48:26:%N,0,1395,2000
13:48:26:%N,37,90,2000
13:48:27:%N,0,3240,2000
13:48:27:%N,0,4275,2000
13:48:27:%N,0,2700,2000
13:48:27:%N,0,1980,2000
13:48:27:%N,0,1305,2000
13:48:27:%N,0,90,2000
13:48:27:%N,174,45,2000
13:48:27:%N,0,3645,2000
13:48:27:%N,0,4500,2000
13:48:27:%N,0,2880,2000
13:48:28:%N,0,2160,2000
13:48:28:%N,0,1530,2000
13:48:28:%N,0,855,2000
13:48:28:%N,0,135,2000
13:48:28:%N,335,0,2000
13:48:28:%N,873,0,2000
13:48:28:%N,1421,0,2000
13:48:28:%N,1962,0,2000
13:48:29:%N,2500,0,2000
13:48:29:%N,2995,0,2000
13:48:29:%N,3496,0,2000
13:48:29:%N,4020,0,2000
13:48:29:%N,4096,0,2000
13:48:29:%N,4096,0,2000
13:48:29:%N,4096,0,2000
13:48:29:%N,4096,0,2000
13:48:29:%N,4096,0,2000
13:48:30:%N,4096,0,2000
13:48:30:%N,4096,0,2000
13:48:30:%N,4096,0,2000
13:48:30:%N,4096,0,2000
13:48:30:%N,4096,0,2000
13:48:30:%N,4096,0,2000
13:48:30:%N,4096,0,2000
13:48:30:%N,4096,0,2000
13:48:30:%N,4096,0,2000
13:48:30:%N,4096,0,2000
13:48:31:%N,4096,0,2000
13:48:31:%N,4096,0,2000
13:48:31:%N,4096,0,2000
13:48:31:%N,4096,0,2000
13:48:31:%N,4096,0,2000
13:48:31:%N,4096,0,2000
13:48:31:%N,4096,0,2000
13:48:31:%N,4096,0,2000
13:48:32:%N,4096,0,2000
13:48:32:%N,4096,0,2000
13:48:32:%N,4096,0,2000
13:48:32:%N,4096,0,2000
13:48:32:%N,4096,0,2000
13:48:32:%N,4096,0,2000
13:48:32:%N,4096,0,2000
13:48:32:%N,4096,0,2000
13:48:32:%N,4096,0,2000
13:48:33:%N,4096,0,2000
13:48:33:%N,4096,0,2000
13:48:33:%N,4096,0,2000
13:48:33:%N,4096,0,2000
13:48:33:%N,4096,0,2000
13:48:33:%N,4096,0,2000
13:48:33:%N,4096,0,2000
13:48:33:%N,0,-44,2000
13:48:33:%N,0,-899,2000
13:48:34:%N,4096,-4679,2000
13:48:34:%N,0,-7334,2000
13:48:34:%N,4096,-5894,2000
13:48:34:%N,4096,-7154,2000
13:48:34:%N,0,-6659,2000
13:48:34:%N,0,-7199,2000
13:48:34:%N,4096,-5309,2000
13:48:34:%N,4096,-5219,2000
13:48:34:%N,4096,-5309,2000
13:48:35:%N,0,-5804,2000
13:48:35:%N,0,-6029,2000
13:48:35:%N,4096,-6344,2000
13:48:35:%N,4096,-6029,2000
13:48:35:%N,0,-5579,2000
13:48:35:%N,0,-6614,2000
13:48:35:%N,4096,-6434,2000
13:48:35:%N,0,-5984,2000
13:48:35:%N,0,-6974,2000
13:48:36:%N,4096,-6479,2000
13:48:36:%N,0,-4859,2000
13:48:36:%N,4096,-7109,2000
13:48:36:%N,0,-6704,2000
13:48:36:%N,4096,-5894,2000
13:48:36:%N,0,-5984,2000
13:48:36:%N,0,-7424,2000
13:48:36:%N,4096,-7424,2000
13:48:37:%N,4096,-7784,2000
13:48:37:%N,0,-6164,2000
13:48:37:%N,0,-6839,2000
13:48:37:%N,4096,-5939,2000
13:48:37:%N,4096,-6074,2000
13:48:37:%N,0,-6029,2000
13:48:37:%N,0,-6029,2000
13:48:37:%N,0,-5849,2000
13:48:37:%N,4096,-6254,2000
13:48:37:%N,4096,-5309,2000
13:48:38:%N,0,-5849,2000
13:48:38:%N,4096,-7019,2000
13:48:38:%N,101,-7064,2000
13:48:38:%N,0,-5804,2000
13:48:38:%N,1397,-5804,2000
13:48:38:%N,0,-6029,2000
13:48:38:%N,4096,-6569,2000
13:48:38:%N,0,-6839,2000
13:48:39:%N,4096,-6344,2000
13:48:39:%N,4096,-6074,2000
13:48:39:%N,0,-5939,2000
13:48:39:%N,4096,-5939,2000
13:48:39:%N,4096,-6524,2000
13:48:39:%N,0,-6254,2000
13:48:39:%N,0,-6299,2000
13:48:39:%N,0,-6524,2000
13:48:39:%N,4096,-6974,2000
13:48:40:%N,4096,-6749,2000
13:48:40:%N,0,-5714,2000
13:48:40:%N,0,-6704,2000
13:48:40:%N,4096,-6164,2000
13:48:40:%N,4096,-7064,2000
13:48:40:%N,0,-6479,2000
13:48:40:%N,4096,-6074,2000
13:48:40:%N,0,-6524,2000
13:48:40:%N,0,-5804,2000
13:48:41:%N,4096,-6344,2000
13:48:41:%N,0,-6479,2000
13:48:41:%N,4096,-6659,2000
13:48:41:%N,0,-5849,2000
13:48:41:%N,4096,-6929,2000
13:48:41:%N,0,-6434,2000
13:48:41:%N,0,-6659,2000
13:48:41:%N,4096,-6164,2000
13:48:41:%N,4096,-6209,2000
13:48:42:%N,0,-6614,2000
13:48:42:%N,0,-6299,2000
13:48:42:%N,4096,-6929,2000
13:48:42:%N,4096,-5984,2000
13:48:42:%N,0,-6344,2000
13:48:42:%N,0,-5759,2000
13:48:42:%N,0,-6299,2000
13:48:42:%N,4096,-6074,2000
13:48:42:%N,0,-6389,2000
13:48:43:%N,4096,-6659,2000
13:48:43:%N,0,-7019,2000
13:48:43:%N,4096,-6299,2000
13:48:43:%N,0,-6119,2000
13:48:43:%N,4096,-5759,2000
13:48:43:%N,4096,-5669,2000
13:48:43:%N,0,-7154,2000
13:48:43:%N,4096,-6209,2000
13:48:44:%N,3297,-5984,2000
13:48:44:%N,0,-6119,2000
13:48:44:%N,4096,-6254,2000
13:48:44:%N,4096,-5489,2000
13:48:44:%N,0,-6254,2000
13:48:44:%N,0,-5849,2000
13:48:44:%N,0,-5894,2000
13:48:44:%N,4096,-5804,2000
13:48:44:%N,4096,-6164,2000
13:48:44:%N,636,-5489,2000
13:48:45:%N,0,-5759,2000
13:48:45:%N,4096,-5984,2000
13:48:45:%N,4096,-5444,2000
13:48:45:%N,0,-5354,2000
13:48:45:%N,4096,-5579,2000
13:48:45:%N,4096,-5894,2000
13:48:45:%N,0,-5759,2000
13:48:45:%N,4096,-6479,2000
13:48:46:%N,0,-5714,2000
13:48:46:%N,4096,-5939,2000
13:48:46:%N,3069,-6974,2000
13:48:46:%N,0,-5894,2000
13:48:46:%N,4096,-5579,2000
13:48:46:%N,4096,-5534,2000
13:48:46:%N,4096,-5984,2000
13:48:46:%N,0,-5714,2000
13:48:46:%N,0,-5939,2000
13:48:47:%N,4096,-6344,2000
13:48:47:%N,811,-5894,2000
13:48:47:%N,0,-6389,2000
13:48:47:%N,0,-6389,2000
13:48:47:%N,4096,-5714,2000
13:48:47:%N,4096,-6344,2000
13:48:47:%N,0,-5624,2000
13:48:47:%N,0,-5984,2000
13:48:47:%N,4096,-5714,2000
13:48:48:%N,0,-5894,2000
13:48:48:%N,4096,-5939,2000
13:48:48:%N,0,-5759,2000
13:48:48:%N,4096,-5714,2000
13:48:48:%N,0,-5669,2000
13:48:48:%N,0,-6164,2000
13:48:48:%N,4096,-6344,2000
13:48:48:%N,0,-5984,2000
13:48:48:%N,4096,-5084,2000
13:48:49:%N,4096,-4139,2000
13:48:49:%N,0,-3239,2000
13:48:49:%N,0,-2474,2000
13:48:49:%N,4096,-944,2000
13:48:49:%N,4096,-224,2000
13:48:49:%N,4096,-44,2000
13:48:49:%N,0,-44,2000
13:48:49:%N,0,-44,2000
13:48:49:%N,4096,-44,2000
13:48:50:%N,484,-44,2000
13:48:50:%N,0,-44,2000
13:48:50:%N,4096,-44,2000
13:48:50:%N,0,-44,2000
13:48:50:%N,4096,-44,2000
13:48:50:%N,4096,-44,2000
13:48:50:%N,0,-44,2000
13:48:50:%N,4096,-44,2000
13:48:50:%N,0,-44,2000
13:48:51:%N,4096,-44,2000
13:48:51:%N,4096,-44,2000
13:48:51:%N,0,-44,2000
13:48:51:%N,0,-44,2000
13:48:51:%N,4096,-44,2000
13:48:51:%N,4096,-44,2000
13:48:51:%N,0,-44,2000
13:48:51:%N,4096,-44,2000
13:48:51:%N,4096,-44,2000
13:48:52:%N,0,-44,2000
13:48:52:%N,0,-44,2000
13:48:52:%N,0,-44,2000
13:48:52:%N,4096,-44,2000
13:48:52:%N,112,-44,2000
13:48:52:%N,0,-44,2000
13:48:52:%N,4096,-44,2000
13:48:52:%N,4096,-44,2000
13:48:52:%N,0,-44,2000
13:48:53:%N,4096,-44,2000
13:48:53:%N,4096,-44,2000
13:48:53:%N,0,-44,2000
13:48:53:%N,0,-44,2000
13:48:53:%N,4096,-44,2000
13:48:53:%N,0,-44,2000
13:48:53:%N,4096,-44,2000
13:48:53:%N,4096,-44,2000
13:48:54:%N,0,-44,2000
13:48:54:%N,0,-44,2000
13:48:54:%N,4096,-44,2000
13:48:54:%N,4096,-44,2000
13:48:54:%N,4096,-44,2000
13:48:54:%N,0,-44,2000
13:48:54:%N,0,-44,2000
13:48:54:%N,4096,-44,2000
13:48:54:%N,1243,-44,2000
13:48:54:%N,0,-44,2000
13:48:55:%N,4096,-44,2000
13:48:55:%N,0,-44,2000
13:48:55:%N,4096,-44,2000
13:48:55:%N,0,-44,2000
13:48:55:%N,4096,-44,2000
13:48:55:%N,0,-44,2000
13:48:55:%N,4096,-44,2000
13:48:55:%N,4096,-44,2000
13:48:56:%N,0,-44,2000
13:48:56:%N,0,-44,2000
13:48:56:%N,4096,-44,2000
13:48:56:%N,4096,-44,2000
13:48:56:%N,0,-44,2000
13:48:56:%N,4096,-44,2000
13:48:56:%N,4096,-44,2000
13:48:56:%N,0,-44,2000
13:48:56:%N,0,-44,2000
13:48:57:%N,0,-44,2000
13:48:57:%N,4096,-44,2000
13:48:57:%N,4096,-44,2000
13:48:57:%N,0,-44,2000
13:48:57:%N,4096,-44,2000
13:48:57:%N,0,-44,2000
13:48:57:%N,4096,-44,2000
13:48:57:%N,4096,-44,2000
13:48:57:%N,0,-44,2000
13:48:58:%N,4096,-44,2000
13:48:58:%N,4096,-44,2000
13:48:58:%N,0,-44,2000
13:48:58:%N,4096,-44,2000
13:48:58:%N,0,-44,2000
13:48:58:%N,0,-44,2000
13:48:58:%N,4096,-44,2000
13:48:58:%N,4096,-44,2000
13:48:58:%N,0,-44,2000
13:48:59:%N,0,-44,2000
13:48:59:%N,4096,-44,2000
13:48:59:%N,4096,-44,2000
13:48:59:%N,0,-44,2000
13:48:59:%N,0,-44,2000
13:48:59:%N,4096,-44,2000
13:48:59:%N,2454,-44,2000
13:48:59:%N,0,-44,2000
13:48:59:%N,4096,-44,2000
13:49:00:%N,0,-44,2000
13:49:00:%N,4096,-44,2000
13:49:00:%N,0,-44,2000
13:49:00:%N,4096,-44,2000
13:49:00:%N,0,-44,2000
13:49:00:%N,4096,-44,2000
13:49:00:%N,4096,-44,2000
13:49:00:%N,0,-44,2000
13:49:00:%N,0,-44,2000
13:49:01:%N,4096,-44,2000
13:49:01:%N,0,-44,2000
13:49:01:%N,0,-44,2000
13:49:01:%N,4096,-44,2000
13:49:01:%N,4096,-44,2000
13:49:01:%N,0,-44,2000
13:49:01:%N,0,-44,2000
13:49:01:%N,4096,-44,2000
13:49:01:%N,4096,-44,2000
13:49:02:%N,0,-44,2000
13:49:02:%N,4096,-44,2000
13:49:02:%N,0,-44,2000
13:49:02:%N,4096,-44,2000
13:49:02:%N,0,-44,2000
13:49:02:%N,0,-44,2000
13:49:02:%N,4096,-44,2000
13:49:02:%N,4096,-44,2000
13:49:03:%N,576,-44,2000
13:49:03:%N,0,-44,2000
13:49:03:%N,4096,-44,2000
13:49:03:%N,0,-44,2000
13:49:03:%N,0,-44,2000
13:49:03:%N,4096,-44,2000
13:49:03:%N,4096,-44,2000
13:49:03:%N,4096,-44,2000
13:49:03:%N,0,-44,2000
13:49:04:%N,0,-44,2000
13:49:04:%N,4096,-44,2000
13:49:04:%N,4096,-44,2000
13:49:04:%N,0,-44,2000
13:49:04:%N,4096,-44,2000
13:49:04:%N,4096,-44,2000
13:49:04:%N,0,-44,2000
13:49:04:%N,4096,-44,2000
13:49:04:%N,0,-44,2000
13:49:05:%N,4096,-44,2000
13:49:05:%N,0,-44,2000
13:49:05:%N,4096,-44,2000
13:49:05:%N,4096,-44,2000
13:49:05:%N,0,-44,2000
13:49:05:%N,4096,-44,2000
13:49:05:%N,4096,-44,2000
13:49:05:%N,0,-44,2000
13:49:06:%N,4096,-44,2000
13:49:06:%N,4096,-44,2000
13:49:06:%N,0,990,2000
13:49:06:%N,0,1845,2000
13:49:06:%N,0,1125,2000
13:49:06:%N,0,495,2000
13:49:06:%N,0,-44,2000
13:49:06:%N,0,2610,2000
13:49:06:%N,0,1800,2000
13:49:06:%N,0,1125,2000
13:49:07:%N,4096,-44,2000
13:49:07:%N,0,1710,2000
13:49:07:%N,0,1800,2000
13:49:07:%N,0,1080,2000
13:49:07:%N,0,0,2000
13:49:07:%N,0,0,2000
13:49:07:%N,0,0,2000
13:49:07:%N,0,0,2000
13:49:08:%N,0,0,2000
13:49:08:%N,0,0,2000
13:49:08:%N,0,0,2000
13:49:08:%N,0,0,2000
13:49:08:%N,0,0,2000
13:49:08:%N,0,0,2000
13:49:08:%N,0,0,2000
13:49:08:%N,0,0,2000
13:49:08:%N,0,0,2000
13:49:09:%N,0,0,2000
13:49:09:%N,0,0,2000
13:49:09:%N,0,0,2000
13:49:09:%N,0,0,2000
13:49:09:%N,0,0,2000
13:49:09:%N,0,0,2000
13:49:09:%N,0,0,2000
13:49:09:%N,0,0,2000
13:49:09:%N,0,0,2000
13:49:10:%N,0,0,2000
13:49:10:%N,0,0,2000
13:49:10:%N,0,0,2000
13:49:10:%N,0,0,2000
13:49:10:%N,0,0,2000
13:49:10:%N,0,0,2000
13:49:10:%N,0,0,2000
13:49:10:%N,0,0,2000
13:49:11:%N,0,0,2000
13:49:11:%N,0,0,2000
13:49:11:%N,0,0,2000
13:49:11:%N,0,0,2000
13:49:11:%N,0,0,2000
13:49:11:%N,0,0,2000
13:49:11:%N,0,0,2000
13:49:11:%N,0,0,2000
13:49:11:%N,0,0,2000
13:49:11:%N,0,0,2000
13:49:12:%N,0,0,2000
13:49:12:%N,0,0,2000
13:49:12:%N,31,0,2000
13:49:12:%N,0,2610,2000
13:49:12:%N,0,2520,2000
13:49:12:%N,0,1080,2000
13:49:12:%N,465,315,2000
13:49:12:%N,0,4275,2000
13:49:13:%N,0,3375,2000
13:49:13:%N,0,2655,2000
13:49:13:%N,0,1800,2000
13:49:13:%N,0,495,2000
13:49:13:%N,0,-44,2000
13:49:13:%N,1182,1215,2000
13:49:13:%N,0,5490,2000
13:49:13:%N,0,4500,2000
13:49:13:%N,0,3645,2000
13:49:14:%N,0,2835,2000
13:49:14:%N,0,2070,2000
13:49:14:%N,0,720,2000
13:49:14:%N,146,0,2000
13:49:14:%N,0,3420,2000
13:49:14:%N,0,2655,2000
13:49:14:%N,0,1170,2000
13:49:14:%N,18,540,2000
13:49:14:%N,0,4815,2000
13:49:15:%N,0,4950,2000
13:49:15:%N,0,4005,2000
13:49:15:%N,0,2385,2000
13:49:15:%N,0,1665,2000
13:49:15:%N,0,180,2000
13:49:15:%N,0,0,2000
13:49:15:%N,0,0,2000
13:49:15:%N,173,495,2000
13:49:15:%N,0,3960,2000
13:49:16:%N,0,3825,2000
13:49:16:%N,0,3015,2000
13:49:16:%N,0,2295,2000
13:49:16:%N,0,855,2000
13:49:16:%N,0,135,2000
13:49:16:%N,0,0,2000
13:49:16:%N,0,2475,2000
13:49:16:%N,0,4140,2000
13:49:16:%N,0,3285,2000
13:49:17:%N,0,1800,2000
13:49:17:%N,0,1080,2000
13:49:17:%N,151,0,2000
13:49:17:%N,0,3150,2000
13:49:17:%N,0,3465,2000
13:49:17:%N,0,2655,2000
13:49:17:%N,0,1890,2000
13:49:17:%N,0,495,2000
13:49:18:%N,0,0,2000
13:49:18:%N,0,1845,2000
13:49:18:%N,0,2430,2000
13:49:18:%N,0,1665,2000
13:49:18:%N,0,1035,2000
13:49:18:%N,268,360,2000
13:49:18:%N,0,2700,2000
13:49:18:%N,0,3285,2000
13:49:18:%N,0,2475,2000
13:49:18:%N,0,1755,2000
13:49:19:%N,0,405,2000
13:49:19:%N,406,135,2000
13:49:19:%N,0,4680,2000
13:49:19:%N,0,3825,2000
13:49:19:%N,0,2205,2000
13:49:19:%N,0,1530,2000
13:49:19:%N,0,135,2000
13:49:19:%N,0,-44,2000
13:49:20:%N,829,1170,2000
13:49:20:%N,0,4995,2000
13:49:20:%N,0,4095,2000
13:49:20:%N,0,2475,2000
13:49:20:%N,0,1755,2000
13:49:20:%N,0,1080,2000
13:49:20:%N,0,225,2000
13:49:20:%N,297,0,2000
13:49:20:%N,0,4230,2000
13:49:21:%N,0,3420,2000
13:49:21:%N,0,2610,2000
13:49:21:%N,0,1215,2000
13:49:21:%N,0,450,2000
13:49:21:%N,4096,-44,2000
13:49:21:%N,0,4500,2000
13:49:21:%N,0,5085,2000
13:49:21:%N,0,3330,2000
13:49:21:%N,0,2610,2000
13:49:22:%N,0,1125,2000
13:49:22:%N,0,495,2000
13:49:22:%N,1262,630,2000
13:49:22:%N,5,4860,2000
13:49:22:%N,0,5715,2000
13:49:22:%N,0,4005,2000
13:49:22:%N,0,3150,2000
13:49:22:%N,0,2340,2000
13:49:23:%N,0,945,2000
13:49:23:%N,0,315,2000
13:49:23:%N,4096,-44,2000
13:49:23:%N,814,1755,2000
13:49:23:%N,0,5130,2000
13:49:23:%N,0,4230,2000
13:49:23:%N,0,3375,2000
13:49:23:%N,0,2610,2000
13:49:23:%N,0,1170,2000
13:49:23:%N,0,495,2000
13:49:24:%N,1346,270,2000
13:49:24:%N,112,4275,2000
13:49:24:%N,0,5670,2000
13:49:24:%N,0,4725,2000
13:49:24:%N,0,3060,2000
13:49:24:%N,0,2205,2000
13:49:24:%N,0,855,2000
13:49:24:%N,0,90,2000
13:49:25:%N,545,945,2000
13:49:25:%N,0,5085,2000
13:49:25:%N,0,5085,2000
13:49:25:%N,0,4230,2000
13:49:25:%N,0,2565,2000
13:49:25:%N,0,1800,2000
13:49:25:%N,0,1125,2000
13:49:25:%N,0,-44,2000
13:49:25:%N,851,765,2000
13:49:26:%N,0,5040,2000
13:49:26:%N,0,5085,2000
13:49:26:%N,0,3330,2000
13:49:26:%N,0,2520,2000
13:49:26:%N,0,1080,2000
13:49:26:%N,0,405,2000
13:49:26:%N,4096,1305,2000
13:49:26:%N,0,4770,2000
13:49:27:%N,0,4140,2000
13:49:27:%N,0,3330,2000
13:49:27:%N,0,2565,2000
13:49:27:%N,0,1125,2000
13:49:27:%N,0,450,2000
13:49:27:%N,402,0,2000
13:49:27:%N,0,4275,2000
13:49:27:%N,0,3375,2000
13:49:27:%N,0,2610,2000
13:49:28:%N,0,1170,2000
13:49:28:%N,0,495,2000
13:49:28:%N,0,-44,2000
13:49:28:%N,860,990,2000
13:49:28:%N,0,5445,2000
13:49:28:%N,0,4140,2000
13:49:28:%N,0,3330,2000
13:49:28:%N,0,2565,2000
13:49:28:%N,0,1125,2000
13:49:29:%N,0,360,2000
13:49:29:%N,904,990,2000
13:49:29:%N,0,5625,2000
13:49:29:%N,0,4185,2000
13:49:29:%N,0,3330,2000
13:49:29:%N,0,1800,2000
13:49:29:%N,0,1125,2000
13:49:29:%N,0,450,2000
13:49:29:%N,0,1890,2000
13:49:30:%N,0,3420,2000
13:49:30:%N,0,2655,2000
13:49:30:%N,0,1170,2000
13:49:30:%N,0,540,2000
13:49:30:%N,30,1260,2000
13:49:30:%N,0,3600,2000
13:49:30:%N,0,3780,2000
13:49:30:%N,0,3015,2000
13:49:30:%N,0,2205,2000
13:49:31:%N,0,810,2000
13:49:31:%N,0,90,2000
13:49:31:%N,105,360,2000
13:49:31:%N,0,4815,2000
13:49:31:%N,0,4140,2000
13:49:31:%N,0,3330,2000
13:49:31:%N,0,1755,2000
13:49:31:%N,0,405,2000
13:49:32:%N,0,0,2000
13:49:32:%N,0,0,2000
13:49:32:%N,0,2160,2000
13:49:32:%N,0,3780,2000
13:49:32:%N,0,2880,2000
13:49:32:%N,0,1440,2000
13:49:32:%N,0,810,2000
13:49:32:%N,317,90,2000
13:49:32:%N,0,4185,2000
13:49:33:%N,0,3375,2000
13:49:33:%N,0,2565,2000
13:49:33:%N,0,1800,2000
13:49:33:%N,0,450,2000
13:49:33:%N,0,45,2000
13:49:33:%N,0,4680,2000
13:49:33:%N,0,4725,2000
13:49:33:%N,0,3060,2000
13:49:34:%N,0,2295,2000
13:49:34:%N,0,900,2000
13:49:34:%N,0,225,2000
13:49:34:%N,0,0,2000
13:49:34:%N,217,4005,2000
13:49:34:%N,0,4860,2000
13:49:34:%N,0,4005,2000
13:49:34:%N,0,2385,2000
13:49:35:%N,0,1665,2000
13:49:35:%N,0,990,2000
13:49:35:%N,0,0,2000
13:49:35:%N,10,0,2000
13:49:35:%N,0,1845,2000
13:49:35:%N,0,2115,2000
13:49:35:%N,0,1440,2000
13:49:35:%N,113,765,2000
13:49:35:%N,0,3600,2000
13:49:36:%N,0,2790,2000
13:49:36:%N,0,2025,2000
13:49:36:%N,0,720,2000
13:49:36:%N,446,270,2000
13:49:36:%N,0,4770,2000
13:49:36:%N,0,3060,2000
13:49:36:%N,0,2250,2000
13:49:36:%N,0,1575,2000
13:49:37:%N,0,180,2000
13:49:37:%N,0,0,2000
13:49:37:%N,0,4005,2000
13:49:37:%N,0,4545,2000
13:49:37:%N,0,2880,2000
13:49:37:%N,0,2115,2000
13:49:37:%N,0,1395,2000
13:49:37:%N,0,135,2000
13:49:37:%N,0,0,2000
13:49:38:%N,50,720,2000
13:49:38:%N,0,4185,2000
13:49:38:%N,0,3420,2000
13:49:38:%N,0,2520,2000
13:49:38:%N,0,1125,2000
13:49:38:%N,0,495,2000
13:49:38:%N,4096,855,2000
13:49:38:%N,0,4545,2000
13:49:39:%N,0,5175,2000
13:49:39:%N,0,3420,2000
13:49:39:%N,0,2610,2000
13:49:39:%N,0,1170,2000
13:49:39:%N,0,495,2000
13:49:39:%N,0,2340,2000
13:49:39:%N,0,3420,2000
13:49:39:%N,0,2610,2000
13:49:40:%N,0,1890,2000
13:49:40:%N,0,495,2000
13:49:40:%N,146,45,2000
13:49:40:%N,0,3375,2000
13:49:40:%N,0,3465,2000
13:49:40:%N,0,2610,2000
13:49:40:%N,0,1890,2000
13:49:40:%N,0,540,2000
13:49:40:%N,0,-89,2000
13:49:41:%N,1221,405,2000
13:49:41:%N,0,5040,2000
13:49:41:%N,0,4230,2000
13:49:41:%N,0,3285,2000
13:49:41:%N,0,1800,2000
13:49:41:%N,0,450,2000
13:49:41:%N,4096,-44,2000
13:49:41:%N,247,4815,2000
13:49:42:%N,0,5940,2000
13:49:42:%N,0,4230,2000
13:49:42:%N,0,3420,2000
13:49:42:%N,0,2565,2000
13:49:42:%N,0,1170,2000
13:49:42:%N,0,540,2000
13:49:42:%N,838,810,2000
13:49:42:%N,0,5265,2000
13:49:42:%N,0,5085,2000
13:49:43:%N,0,3330,2000
13:49:43:%N,0,2565,2000
13:49:43:%N,0,1800,2000
13:49:43:%N,0,495,2000
13:49:43:%N,0,-44,2000
13:49:43:%N,1247,630,2000
13:49:43:%N,0,5130,2000
13:49:43:%N,0,4185,2000
13:49:43:%N,0,2565,2000
13:49:44:%N,0,1800,2000
13:49:44:%N,0,360,2000
13:49:44:%N,332,45,2000
13:49:44:%N,0,4635,2000
13:49:44:%N,0,3780,2000
13:49:44:%N,0,2205,2000
13:49:44:%N,0,1485,2000
13:49:44:%N,0,135,2000
13:49:45:%N,0,-44,2000
13:49:45:%N,1115,1170,2000
13:49:45:%N,0,4680,2000
13:49:45:%N,0,4590,2000
13:49:45:%N,0,3735,2000
13:49:45:%N,0,2925,2000
13:49:45:%N,0,1440,2000
13:49:45:%N,0,810,2000
13:49:45:%N,51,225,2000
13:49:46:%N,0,4725,2000
13:49:46:%N,0,4725,2000
13:49:46:%N,0,3015,2000
13:49:46:%N,0,2295,2000
13:49:46:%N,0,900,2000
13:49:46:%N,0,90,2000
13:49:46:%N,0,0,2000
13:49:46:%N,0,2655,2000
13:49:47:%N,0,2520,2000
13:49:47:%N,0,1755,2000
13:49:47:%N,0,1080,2000
13:49:47:%N,0,1260,2000
13:49:47:%N,0,3960,2000
13:49:47:%N,0,3375,2000
13:49:47:%N,0,2520,2000
13:49:47:%N,0,1800,2000
13:49:48:%N,0,495,2000
13:49:48:%N,0,-44,2000
13:49:48:%N,954,1080,2000
13:49:48:%N,0,6525,2000
13:49:48:%N,0,5130,2000
13:49:48:%N,0,3330,2000
13:49:48:%N,0,2610,2000
13:49:48:%N,0,1170,2000
13:49:48:%N,0,540,2000
13:49:49:%N,857,810,2000
13:49:49:%N,0,5985,2000
13:49:49:%N,0,4185,2000
13:49:49:%N,0,3420,2000
13:49:49:%N,0,1845,2000
13:49:49:%N,0,1170,2000
13:49:49:%N,0,0,2000
13:49:49:%N,264,0,2000
13:49:50:%N,0,4500,2000
13:49:50:%N,0,3690,2000
13:49:50:%N,0,2835,2000
13:49:50:%N,0,1395,2000
13:49:50:%N,0,765,2000
13:49:50:%N,0,0,2000
13:49:50:%N,91,-89,2000
13:49:50:%N,756,2430,2000
13:49:50:%N,0,5355,2000
13:49:51:%N,0,4410,2000
13:49:51:%N,0,3555,2000
13:49:51:%N,0,2745,2000
13:49:51:%N,0,1260,2000
13:49:51:%N,0,675,2000
13:49:51:%N,65,180,2000
13:49:51:%N,0,4770,2000
13:49:51:%N,0,3825,2000
13:49:51:%N,0,3015,2000
13:49:52:%N,0,1530,2000
13:49:52:%N,0,855,2000
13:49:52:%N,0,180,2000
13:49:52:%N,0,0,2000
13:49:52:%N,0,1620,2000
13:49:52:%N,0,2430,2000
13:49:52:%N,0,1755,2000
13:49:52:%N,0,1035,2000
13:49:53:%N,0,3015,2000
13:49:53:%N,0,4230,2000
13:49:53:%N,0,3510,2000
13:49:53:%N,0,2700,2000
13:49:53:%N,0,1260,2000
13:49:53:%N,0,675,2000
13:49:53:%N,4096,-44,2000
13:49:53:%N,0,6120,2000
13:49:53:%N,0,4230,2000
13:49:54:%N,0,3375,2000
13:49:54:%N,0,1845,2000
13:49:54:%N,0,1170,2000
13:49:54:%N,0,-44,2000
13:49:54:%N,1174,810,2000
13:49:54:%N,0,5805,2000
13:49:54:%N,0,4950,2000
13:49:54:%N,0,3240,2000
13:49:55:%N,0,2475,2000
13:49:55:%N,0,1710,2000
13:49:55:%N,0,450,2000
13:49:55:%N,0,-44,2000
13:49:55:%N,591,1710,2000
13:49:55:%N,0,5490,2000
13:49:55:%N,0,4230,2000
13:49:55:%N,0,3375,2000
13:49:55:%N,0,2655,2000
13:49:56:%N,0,1215,2000
13:49:56:%N,0,540,2000
13:49:56:%N,0,0,2000
13:49:56:%N,0,3150,2000
13:49:56:%N,0,3195,2000
13:49:56:%N,0,2520,2000
13:49:56:%N,0,1080,2000
13:49:56:%N,0,315,2000
13:49:57:%N,0,3465,2000
13:49:57:%N,0,4140,2000
13:49:57:%N,0,2610,2000
13:49:57:%N,0,1845,2000
13:49:57:%N,0,1170,2000
13:49:57:%N,0,-44,2000
13:49:57:%N,854,1305,2000
13:49:57:%N,0,5130,2000
13:49:58:%N,0,4185,2000
13:49:58:%N,0,3375,2000
13:49:58:%N,0,2565,2000
13:49:58:%N,0,1170,2000
13:49:58:%N,0,540,2000
13:49:58:%N,4096,-44,2000
13:49:58:%N,1015,5175,2000
13:49:58:%N,0,5085,2000
13:49:58:%N,0,3330,2000
13:49:59:%N,0,2610,2000
13:49:59:%N,0,1260,2000
13:49:59:%N,0,-44,2000
13:49:59:%N,1118,900,2000
13:49:59:%N,0,6930,2000
13:49:59:%N,0,4275,2000
13:49:59:%N,0,3375,2000
13:49:59:%N,0,1890,2000
13:50:00:%N,0,1260,2000
13:50:00:%N,0,0,2000
13:50:00:%N,97,135,2000
13:50:00:%N,0,4275,2000
13:50:00:%N,0,4590,2000
13:50:00:%N,0,3060,2000
13:50:00:%N,0,2250,2000
13:50:00:%N,0,1575,2000
13:50:00:%N,0,360,2000
13:50:01:%N,0,-44,2000
13:50:01:%N,1184,4860,2000
13:50:01:%N,0,5085,2000
13:50:01:%N,0,4275,2000
13:50:01:%N,0,2655,2000
13:50:01:%N,0,1935,2000
13:50:01:%N,0,585,2000
13:50:01:%N,4096,-44,2000
13:50:02:%N,0,4365,2000
13:50:02:%N,0,5715,2000
13:50:02:%N,0,3870,2000
13:50:02:%N,0,3105,2000
13:50:02:%N,0,1620,2000
13:50:02:%N,0,945,2000
13:50:02:%N,0,270,2000
13:50:02:%N,769,1395,2000
13:50:02:%N,0,4725,2000
13:50:03:%N,0,5130,2000
13:50:03:%N,0,3420,2000
13:50:03:%N,0,2655,2000
13:50:03:%N,0,1935,2000
13:50:03:%N,0,1215,2000
13:50:03:%N,0,-44,2000
13:50:03:%N,1005,1080,2000
13:50:03:%N,0,5085,2000
13:50:03:%N,0,4275,2000
13:50:04:%N,0,2655,2000
13:50:04:%N,0,1890,2000
13:50:04:%N,0,1260,2000
13:50:04:%N,0,-44,2000
13:50:04:%N,951,1350,2000
13:50:04:%N,0,5130,2000
13:50:04:%N,0,4320,2000
13:50:04:%N,0,2655,2000
13:50:05:%N,0,1935,2000
13:50:05:%N,0,585,2000
13:50:05:%N,17,45,2000
13:50:05:%N,0,1350,2000
13:50:05:%N,0,3510,2000
13:50:05:%N,0,2070,2000
13:50:05:%N,0,1350,2000
13:50:05:%N,35,720,2000
13:50:05:%N,0,4545,2000
13:50:06:%N,0,4995,2000
13:50:06:%N,0,4230,2000
13:50:06:%N,0,2610,2000
13:50:06:%N,0,1845,2000
13:50:06:%N,0,540,2000
13:50:06:%N,4096,-44,2000
13:50:06:%N,0,4680,2000
13:50:06:%N,0,4275,2000
13:50:07:%N,0,3420,2000
13:50:07:%N,0,1935,2000
13:50:07:%N,0,1215,2000
13:50:07:%N,0,630,2000
13:50:07:%N,0,-44,2000
13:50:07:%N,1011,900,2000
13:50:07:%N,0,6120,2000
13:50:07:%N,0,4230,2000
13:50:08:%N,0,3465,2000
13:50:08:%N,0,2655,2000
13:50:08:%N,0,1260,2000
13:50:08:%N,0,630,2000
13:50:08:%N,4096,-44,2000
13:50:08:%N,0,5265,2000
13:50:08:%N,0,5130,2000
13:50:08:%N,0,4275,2000
13:50:08:%N,0,2655,2000
13:50:09:%N,0,1260,2000
13:50:09:%N,0,585,2000
13:50:09:%N,4096,-44,2000
13:50:09:%N,0,6300,2000
13:50:09:%N,0,5085,2000
13:50:09:%N,0,3420,2000
13:50:09:%N,0,2655,2000
13:50:09:%N,0,1215,2000
13:50:10:%N,0,630,2000
13:50:10:%N,4096,-44,2000
13:50:10:%N,0,5040,2000
13:50:10:%N,0,5130,2000
13:50:10:%N,0,4275,2000
13:50:10:%N,0,2655,2000
13:50:10:%N,0,1890,2000
13:50:10:%N,0,1260,2000
13:50:10:%N,0,-44,2000
13:50:11:%N,789,1125,2000
13:50:11:%N,0,5355,2000
13:50:11:%N,0,4230,2000
13:50:11:%N,0,3420,2000
13:50:11:%N,0,1935,2000
13:50:11:%N,0,1260,2000
13:50:11:%N,0,90,2000
13:50:11:%N,392,2745,2000
13:50:12:%N,0,4230,2000
13:50:12:%N,0,3510,2000
13:50:12:%N,0,1980,2000
13:50:12:%N,0,1260,2000
13:50:12:%N,0,0,2000
13:50:12:%N,0,1215,2000
13:50:12:%N,0,2880,2000
13:50:12:%N,0,1485,2000
13:50:12:%N,91,855,2000
13:50:13:%N,0,2970,2000
13:50:13:%N,0,3510,2000
13:50:13:%N,0,2790,2000
13:50:13:%N,0,1980,2000
13:50:13:%N,0,720,2000
13:50:13:%N,0,45,2000
13:50:13:%N,159,630,2000
13:50:13:%N,0,4815,2000
13:50:13:%N,0,4005,2000
13:50:14:%N,0,2340,2000
13:50:14:%N,0,1710,2000
13:50:14:%N,0,405,2000
13:50:14:%N,4096,-44,2000
13:50:14:%N,0,5760,2000
13:50:14:%N,0,5085,2000
13:50:14:%N,0,3420,2000
13:50:15:%N,0,2610,2000
13:50:15:%N,0,1260,2000
13:50:15:%N,0,540,2000
13:50:15:%N,4096,-44,2000
13:50:15:%N,762,1170,2000
13:50:15:%N,0,5040,2000
13:50:15:%N,0,4230,2000
13:50:15:%N,0,2610,2000
13:50:15:%N,0,1890,2000
13:50:15:%N,0,1260,2000
13:50:16:%N,0,585,2000
13:50:16:%N,103,0,2000
13:50:16:%N,0,3645,2000
13:50:16:%N,0,3420,2000
13:50:16:%N,0,2610,2000
13:50:16:%N,0,1260,2000
13:50:16:%N,0,0,2000
13:50:16:%N,169,405,2000
13:50:17:%N,0,4860,2000
13:50:17:%N,0,3960,2000
13:50:17:%N,0,2430,2000
13:50:17:%N,0,1710,2000
13:50:17:%N,0,1080,2000
13:50:17:%N,0,-44,2000
13:50:17:%N,445,360,2000
13:50:17:%N,0,5265,2000
13:50:18:%N,0,4230,2000
13:50:18:%N,0,3420,2000
13:50:18:%N,0,2565,2000
13:50:18:%N,0,1935,2000
13:50:18:%N,0,630,2000
13:50:18:%N,0,-44,2000
13:50:18:%N,231,1530,2000
13:50:18:%N,0,5085,2000
13:50:18:%N,0,4230,2000
13:50:19:%N,0,2610,2000
13:50:19:%N,0,1845,2000
13:50:19:%N,0,540,2000
13:50:19:%N,0,45,2000
13:50:19:%N,369,990,2000
13:50:19:%N,0,5040,2000
13:50:19:%N,0,4230,2000
13:50:19:%N,0,3375,2000
13:50:20:%N,0,1890,2000
13:50:20:%N,0,1215,2000
13:50:20:%N,0,585,2000
13:50:20:%N,0,0,2000
13:50:20:%N,164,135,2000
13:50:20:%N,0,3105,2000
13:50:20:%N,0,3780,2000
13:50:20:%N,0,3015,2000
13:50:20:%N,0,1530,2000
13:50:21:%N,0,900,2000
13:50:21:%N,0,315,2000
13:50:21:%N,738,1440,2000
13:50:21:%N,0,5985,2000
13:50:21:%N,0,4230,2000
13:50:21:%N,0,3375,2000
13:50:21:%N,0,1890,2000
13:50:21:%N,0,495,2000
13:50:22:%N,0,-89,2000
13:50:22:%N,950,5040,2000
13:50:22:%N,0,5085,2000
13:50:22:%N,0,4230,2000
13:50:22:%N,0,2610,2000
13:50:22:%N,0,1935,2000
13:50:22:%N,0,1215,2000
13:50:22:%N,0,-44,2000
13:50:23:%N,778,1485,2000
13:50:23:%N,0,5445,2000
13:50:23:%N,0,5130,2000
13:50:23:%N,0,3420,2000
13:50:23:%N,0,2655,2000
13:50:23:%N,0,1935,2000
13:50:23:%N,0,630,2000
13:50:23:%N,0,-44,2000
13:50:23:%N,607,1800,2000
13:50:24:%N,0,5085,2000
13:50:24:%N,0,4275,2000
13:50:24:%N,0,2610,2000
13:50:24:%N,0,1935,2000
13:50:24:%N,0,630,2000
13:50:24:%N,4096,-44,2000
13:50:24:%N,0,5490,2000
13:50:24:%N,0,5130,2000
13:50:25:%N,0,3375,2000
13:50:25:%N,0,2655,2000
13:50:25:%N,0,1890,2000
13:50:25:%N,0,585,2000
13:50:25:%N,0,0,2000
13:50:25:%N,144,0,2000
13:50:25:%N,0,3195,2000
13:50:25:%N,0,3420,2000
13:50:25:%N,0,2610,2000
13:50:25:%N,0,1890,2000
13:50:26:%N,0,1260,2000
13:50:26:%N,0,90,2000
13:50:26:%N,295,180,2000
13:50:26:%N,0,4905,2000
13:50:26:%N,0,4095,2000
13:50:26:%N,0,2520,2000
13:50:26:%N,0,1845,2000
13:50:26:%N,0,540,2000
13:50:27:%N,0,0,2000
13:50:27:%N,0,0,2000
13:50:27:%N,0,2070,2000
13:50:27:%N,0,3870,2000
13:50:27:%N,0,2340,2000
13:50:27:%N,0,1665,2000
13:50:27:%N,0,270,2000
13:50:27:%N,16,945,2000
13:50:27:%N,0,3960,2000
13:50:28:%N,0,3915,2000
13:50:28:%N,0,3150,2000
13:50:28:%N,0,2340,2000
13:50:28:%N,0,990,2000
13:50:28:%N,0,270,2000
13:50:28:%N,4096,-44,2000
13:50:28:%N,778,4950,2000
13:50:28:%N,0,5130,2000
13:50:29:%N,0,4275,2000
13:50:29:%N,0,2655,2000
13:50:29:%N,0,1935,2000
13:50:29:%N,0,630,2000
13:50:29:%N,0,0,2000
13:50:29:%N,4096,1170,2000
13:50:29:%N,0,5130,2000
13:50:29:%N,0,5130,2000
13:50:29:%N,0,3420,2000
13:50:30:%N,0,2655,2000
13:50:30:%N,0,1305,2000
13:50:30:%N,0,45,2000
13:50:30:%N,0,2340,2000
13:50:30:%N,0,3330,2000
13:50:30:%N,0,2520,2000
13:50:30:%N,0,1125,2000
13:50:31:%N,0,495,2000
13:50:31:%N,407,2610,2000
13:50:31:%N,0,4185,2000
13:50:31:%N,0,3465,2000
13:50:31:%N,0,2610,2000
13:50:31:%N,0,1260,2000
13:50:31:%N,0,630,2000
13:50:31:%N,0,2475,2000
13:50:31:%N,0,3690,2000
13:50:32:%N,0,3015,2000
13:50:32:%N,0,1575,2000
13:50:32:%N,0,945,2000
13:50:32:%N,55,225,2000
13:50:32:%N,175,855,2000
13:50:32:%N,0,5265,2000
13:50:32:%N,0,4320,2000
13:50:32:%N,0,2790,2000
13:50:32:%N,0,2025,2000
13:50:33:%N,0,1350,2000
13:50:33:%N,0,720,2000
13:50:33:%N,0,0,2000
13:50:33:%N,0,0,2000
13:50:33:%N,54,0,2000
13:50:33:%N,0,1395,2000
13:50:33:%N,0,2385,2000
13:50:33:%N,0,1620,2000
13:50:33:%N,178,810,2000
13:50:34:%N,0,4905,2000
13:50:34:%N,0,4050,2000
13:50:34:%N,0,3240,2000
13:50:34:%N,0,1800,2000
13:50:34:%N,0,1080,2000
13:50:34:%N,0,-44,2000
13:50:34:%N,426,1440,2000
13:50:34:%N,0,5130,2000
13:50:35:%N,0,4320,2000
13:50:35:%N,0,3465,2000
13:50:35:%N,0,1980,2000
13:50:35:%N,0,1350,2000
13:50:35:%N,0,630,2000
13:50:35:%N,0,0,2000
13:50:35:%N,48,405,2000
13:50:35:%N,0,3735,2000
13:50:35:%N,0,3915,2000
13:50:36:%N,0,3105,2000
13:50:36:%N,0,2340,2000
13:50:36:%N,0,990,2000
13:50:36:%N,0,315,2000
13:50:36:%N,788,405,2000
13:50:36:%N,0,6120,2000
13:50:36:%N,0,4275,2000
13:50:36:%N,0,2655,2000
13:50:37:%N,0,1980,2000
13:50:37:%N,0,1305,2000
13:50:37:%N,0,0,2000
13:50:37:%N,7,0,2000
13:50:37:%N,122,810,2000
13:50:37:%N,0,4725,2000
13:50:37:%N,0,3870,2000
13:50:37:%N,0,2340,2000
13:50:37:%N,0,1620,2000
13:50:38:%N,0,990,2000
13:50:38:%N,0,270,2000
13:50:38:%N,378,990,2000
13:50:38:%N,0,4410,2000
13:50:38:%N,0,5175,2000
13:50:38:%N,0,3510,2000
13:50:38:%N,0,2700,2000
13:50:38:%N,0,1305,2000
13:50:38:%N,0,675,2000
13:50:39:%N,0,-44,2000
13:50:39:%N,1131,540,2000
13:50:39:%N,0,5130,2000
13:50:39:%N,0,4320,2000
13:50:39:%N,0,2700,2000
13:50:39:%N,0,1980,2000
13:50:39:%N,0,1305,2000
13:50:39:%N,0,45,2000
13:50:40:%N,209,360,2000
13:50:40:%N,0,5220,2000
13:50:40:%N,0,4140,2000
13:50:40:%N,0,3375,2000
13:50:40:%N,0,2565,2000
13:50:40:%N,0,1215,2000
13:50:40:%N,0,540,2000
13:50:40:%N,0,0,2000
13:50:40:%N,0,0,2000
13:50:41:%N,0,1035,2000
13:50:41:%N,0,1260,2000
13:50:41:%N,40,1485,2000
13:50:41:%N,0,5265,2000
13:50:41:%N,0,4410,2000
13:50:41:%N,0,2790,2000
13:50:41:%N,0,2115,2000
13:50:41:%N,0,765,2000
13:50:42:%N,0,0,2000
13:50:42:%N,0,0,2000
13:50:42:%N,214,0,2000
13:50:42:%N,0,3960,2000
13:50:42:%N,0,3150,2000
13:50:42:%N,0,2430,2000
13:50:42:%N,0,1035,2000
13:50:42:%N,0,450,2000
13:50:43:%N,394,45,2000
13:50:43:%N,0,4500,2000
13:50:43:%N,0,3780,2000
13:50:43:%N,0,2880,2000
13:50:43:%N,0,2250,2000
13:50:43:%N,0,855,2000
13:50:43:%N,0,180,2000
13:50:43:%N,84,270,2000
13:50:43:%N,0,2925,2000
13:50:44:%N,0,4005,2000
13:50:44:%N,0,3195,2000
13:50:44:%N,0,1755,2000
13:50:44:%N,0,990,2000
13:50:44:%N,0,-44,2000
13:50:44:%N,1015,495,2000
13:50:44:%N,0,5130,2000
13:50:44:%N,0,4320,2000
13:50:45:%N,0,2655,2000
13:50:45:%N,0,2025,2000
13:50:45:%N,0,1305,2000
13:50:45:%N,0,45,2000
13:50:45:%N,85,270,2000
13:50:45:%N,0,3285,2000
13:50:45:%N,0,3960,2000
13:50:45:%N,0,3150,2000
13:50:45:%N,0,2385,2000
13:50:46:%N,0,1035,2000
13:50:46:%N,0,405,2000
13:50:46:%N,0,0,2000
13:50:46:%N,0,2430,2000
13:50:46:%N,0,3825,2000
13:50:46:%N,0,2385,2000
13:50:46:%N,0,1035,2000
13:50:46:%N,16,270,2000
13:50:47:%N,0,3870,2000
13:50:47:%N,0,4860,2000
13:50:47:%N,0,3240,2000
13:50:47:%N,0,2430,2000
13:50:47:%N,0,1800,2000
13:50:47:%N,0,495,2000
13:50:47:%N,4096,-44,2000
13:50:47:%N,0,4590,2000
13:50:48:%N,0,5175,2000
13:50:48:%N,0,4320,2000
13:50:48:%N,0,2700,2000
13:50:48:%N,0,1980,2000
13:50:48:%N,0,1305,2000
13:50:48:%N,0,720,2000
13:50:48:%N,14,0,2000
13:50:48:%N,0,2025,2000
13:50:48:%N,0,2880,2000
13:50:49:%N,0,1440,2000
13:50:49:%N,0,810,2000
13:50:49:%N,348,180,2000
13:50:49:%N,0,4275,2000
13:50:49:%N,0,2745,2000
13:50:49:%N,0,2025,2000
13:50:49:%N,0,765,2000
13:50:49:%N,0,135,2000
13:50:50:%N,389,90,2000
13:50:50:%N,0,4680,2000
13:50:50:%N,0,3960,2000
13:50:50:%N,0,3060,2000
13:50:50:%N,0,1665,2000
13:50:50:%N,0,1035,2000
13:50:50:%N,0,360,2000
13:50:50:%N,759,945,2000
13:50:50:%N,0,4365,2000
13:50:51:%N,0,4320,2000
13:50:51:%N,0,3510,2000
13:50:51:%N,0,2745,2000
13:50:51:%N,0,1350,2000
13:50:51:%N,0,675,2000
13:50:51:%N,58,90,2000
13:50:51:%N,0,5355,2000
13:50:51:%N,0,3870,2000
13:50:52:%N,0,3060,2000
13:50:52:%N,0,1620,2000
13:50:52:%N,0,990,2000
13:50:52:%N,0,-44,2000
13:50:52:%N,514,990,2000
13:50:52:%N,0,4950,2000
13:50:52:%N,0,4275,2000
13:50:52:%N,0,3510,2000
13:50:53:%N,0,2700,2000
13:50:53:%N,0,1305,2000
13:50:53:%N,0,720,2000
13:50:53:%N,0,45,2000
13:50:53:%N,87,135,2000
13:50:53:%N,0,5670,2000
13:50:53:%N,0,4680,2000
13:50:53:%N,0,3060,2000
13:50:53:%N,0,2340,2000
13:50:54:%N,0,990,2000
13:50:54:%N,0,0,2000
13:50:54:%N,0,0,2000
13:50:54:%N,291,0,2000
13:50:54:%N,0,4095,2000
13:50:54:%N,0,3375,2000
13:50:54:%N,0,1845,2000
13:50:54:%N,0,1215,2000
13:50:55:%N,0,0,2000
13:50:55:%N,0,1620,2000
13:50:55:%N,0,3645,2000
13:50:55:%N,0,2250,2000
13:50:55:%N,0,1530,2000
13:50:55:%N,0,900,2000
13:50:55:%N,0,2970,2000
13:50:55:%N,0,4230,2000
13:50:55:%N,0,3510,2000
13:50:56:%N,0,2025,2000
13:50:56:%N,0,1305,2000
13:50:56:%N,0,720,2000
13:50:56:%N,0,945,2000
13:50:56:%N,0,3555,2000
13:50:56:%N,0,3150,2000
13:50:56:%N,0,2430,2000
13:50:56:%N,0,1080,2000
13:50:57:%N,0,-44,2000
13:50:57:%N,1187,900,2000
13:50:57:%N,0,5130,2000
13:50:57:%N,0,4320,2000
13:50:57:%N,0,2700,2000
13:50:57:%N,0,1980,2000
13:50:57:%N,0,1350,2000
13:50:57:%N,0,45,2000
13:50:58:%N,52,630,2000
13:50:58:%N,0,4590,2000
13:50:58:%N,0,3915,2000
13:50:58:%N,0,3060,2000
13:50:58:%N,0,2340,2000
13:50:58:%N,0,990,2000
13:50:58:%N,0,270,2000
13:50:58:%N,4096,-44,2000
13:50:58:%N,0,5400,2000
13:50:59:%N,0,5130,2000
13:50:59:%N,0,3465,2000
13:50:59:%N,0,2700,2000
13:50:59:%N,0,1260,2000
13:50:59:%N,0,720,2000
13:50:59:%N,0,0,2000
13:50:59:%N,208,0,2000
13:50:59:%N,0,3960,2000
13:51:00:%N,0,3240,2000
13:51:00:%N,0,1755,2000
13:51:00:%N,0,1125,2000
13:51:00:%N,0,495,2000
13:51:00:%N,1263,720,2000
13:51:00:%N,0,6300,2000
13:51:00:%N,0,5130,2000
13:51:00:%N,0,3510,2000
13:51:00:%N,0,2700,2000
13:51:01:%N,0,2025,2000
13:51:01:%N,0,720,2000
13:51:01:%N,10,0,2000
13:51:01:%N,0,2430,2000
13:51:01:%N,0,2880,2000
13:51:01:%N,0,2115,2000
13:51:01:%N,0,810,2000
13:51:01:%N,233,135,2000
13:51:02:%N,0,4185,2000
13:51:02:%N,0,2700,2000
13:51:02:%N,0,1935,2000
13:51:02:%N,0,630,2000
13:51:02:%N,0,90,2000
13:51:02:%N,345,225,2000
13:51:02:%N,0,4815,2000
13:51:02:%N,0,4005,2000
13:51:02:%N,0,3240,2000
13:51:03:%N,0,1755,2000
13:51:03:%N,0,1125,2000
13:51:03:%N,0,450,2000
13:51:03:%N,0,0,2000
13:51:03:%N,103,495,2000
13:51:03:%N,0,4950,2000
13:51:03:%N,0,4095,2000
13:51:03:%N,0,3240,2000
13:51:03:%N,0,2565,2000
13:51:04:%N,0,1170,2000
13:51:04:%N,0,540,2000
13:51:04:%N,296,855,2000
13:51:04:%N,0,5175,2000
13:51:04:%N,0,4320,2000
13:51:04:%N,0,3510,2000
13:51:04:%N,0,2025,2000
13:51:04:%N,0,1350,2000
13:51:05:%N,0,90,2000
13:51:05:%N,4096,-44,2000
13:51:05:%N,873,5310,2000
13:51:05:%N,0,5175,2000
13:51:05:%N,0,4320,2000
13:51:05:%N,0,3465,2000
13:51:05:%N,0,2025,2000
13:51:05:%N,0,1305,2000
13:51:05:%N,0,720,2000
13:51:06:%N,0,0,2000
13:51:06:%N,0,1170,2000
13:51:06:%N,0,2880,2000
13:51:06:%N,0,1485,2000
13:51:06:%N,105,900,2000
13:51:06:%N,0,4275,2000
13:51:06:%N,0,3465,2000
13:51:06:%N,0,1980,2000
13:51:07:%N,0,1350,2000
13:51:07:%N,0,90,2000
13:51:07:%N,294,0,2000
13:51:07:%N,0,4320,2000
13:51:07:%N,0,3600,2000
13:51:07:%N,0,2070,2000
13:51:07:%N,0,1440,2000
13:51:07:%N,0,720,2000
13:51:08:%N,0,0,2000
13:51:08:%N,0,3060,2000
13:51:08:%N,0,4140,2000
13:51:08:%N,0,2655,2000
13:51:08:%N,0,1890,2000
13:51:08:%N,0,1260,2000
13:51:08:%N,0,45,2000
13:51:08:%N,0,720,2000
13:51:08:%N,0,5265,2000
13:51:09:%N,0,3960,2000
13:51:09:%N,0,3195,2000
13:51:09:%N,0,1755,2000
13:51:09:%N,0,1035,2000
13:51:09:%N,4096,-44,2000
13:51:09:%N,0,4815,2000
13:51:09:%N,0,5175,2000
13:51:09:%N,0,3510,2000
13:51:10:%N,0,2700,2000
13:51:10:%N,0,2025,2000
13:51:10:%N,0,720,2000
13:51:10:%N,0,45,2000
13:51:10:%N,0,0,2000
13:51:10:%N,0,2025,2000
13:51:10:%N,0,3780,2000
13:51:10:%N,0,2295,2000
13:51:10:%N,0,1665,2000
13:51:11:%N,0,945,2000
13:51:11:%N,206,2745,2000
13:51:11:%N,0,3510,2000
13:51:11:%N,0,2880,2000
13:51:11:%N,0,1440,2000
13:51:11:%N,0,765,2000
13:51:11:%N,0,3150,2000
13:51:11:%N,0,4275,2000
13:51:12:%N,0,2790,2000
13:51:12:%N,0,2070,2000
13:51:12:%N,0,765,2000
13:51:12:%N,0,90,2000
13:51:12:%N,0,3735,2000
13:51:12:%N,0,4230,2000
13:51:12:%N,0,2700,2000
13:51:12:%N,0,2025,2000
13:51:13:%N,0,1350,2000
13:51:13:%N,0,135,2000
13:51:13:%N,33,0,2000
13:51:13:%N,0,2790,2000
13:51:13:%N,0,3825,2000
13:51:13:%N,0,2340,2000
13:51:13:%N,0,1710,2000
13:51:13:%N,0,1035,2000
13:51:13:%N,0,-44,2000
13:51:14:%N,1648,45,2000
13:51:14:%N,0,6030,2000
13:51:14:%N,0,5265,2000
13:51:14:%N,0,3510,2000
13:51:14:%N,0,2025,2000
13:51:14:%N,0,1440,2000
13:51:14:%N,0,720,2000
13:51:14:%N,0,-44,2000
13:51:15:%N,1161,630,2000
13:51:15:%N,0,6480,2000
13:51:15:%N,0,5220,2000
13:51:15:%N,0,3555,2000
13:51:15:%N,0,2745,2000
13:51:15:%N,0,2025,2000
13:51:15:%N,0,720,2000
13:51:15:%N,0,90,2000
13:51:15:%N,0,0,2000
13:51:16:%N,124,0,2000
13:51:16:%N,0,3375,2000
13:51:16:%N,0,2700,2000
13:51:16:%N,0,1890,2000
13:51:16:%N,0,630,2000
13:51:16:%N,223,900,2000
13:51:16:%N,0,5310,2000
13:51:16:%N,0,4455,2000
13:51:17:%N,0,135,2000
13:51:17:%N,4096,-44,2000
13:51:17:%N,176,5625,2000
13:51:17:%N,0,5175,2000
13:51:17:%N,0,4320,2000
13:51:17:%N,0,2745,2000
13:51:18:%N,0,2025,2000
13:51:18:%N,0,1350,2000
13:51:18:%N,0,45,2000
13:51:18:%N,0,0,2000
13:51:18:%N,0,0,2000
13:51:18:%N,0,5715,2000
13:51:18:%N,0,4635,2000
13:51:18:%N,0,3060,2000
13:51:18:%N,0,2340,2000
13:51:19:%N,0,1620,2000
13:51:19:%N,0,360,2000
13:51:19:%N,0,0,2000
13:51:19:%N,0,0,2000
13:51:19:%N,218,0,2000
13:51:19:%N,0,3870,2000
13:51:19:%N,0,3150,2000
13:51:19:%N,0,2340,2000
13:51:19:%N,0,1035,2000
13:51:20:%N,0,315,2000
13:51:20:%N,253,90,2000
13:51:20:%N,0,4950,2000
13:51:20:%N,0,4590,2000
13:51:20:%N,0,3015,2000
13:51:20:%N,0,2295,2000
13:51:20:%N,0,945,2000
13:51:20:%N,0,225,2000
13:51:20:%N,0,0,2000
13:51:21:%N,840,1305,2000
13:51:21:%N,0,4995,2000
13:51:21:%N,0,5220,2000
13:51:21:%N,0,3465,2000
13:51:21:%N,0,2745,2000
13:51:21:%N,0,2025,2000
13:51:21:%N,0,720,2000
13:51:21:%N,0,90,2000
13:51:21:%N,270,225,2000
13:51:22:%N,0,4725,2000
13:51:22:%N,0,3915,2000
13:51:22:%N,0,3150,2000
13:51:22:%N,0,2340,2000
13:51:22:%N,0,1035,2000
13:51:22:%N,0,360,2000
13:51:22:%N,0,0,2000
13:51:22:%N,0,2880,2000
13:51:22:%N,0,3960,2000
13:51:23:%N,0,3195,2000
13:51:23:%N,0,1755,2000
13:51:23:%N,0,1125,2000
13:51:23:%N,0,450,2000
13:51:23:%N,0,2745,2000
13:51:23:%N,0,4140,2000
13:51:23:%N,0,2610,2000
13:51:23:%N,0,1935,2000
13:51:23:%N,0,1260,2000
13:51:24:%N,0,45,2000
13:51:24:%N,0,1440,2000
13:51:24:%N,0,2790,2000
13:51:24:%N,0,2115,2000
13:51:24:%N,23,810,2000
13:51:24:%N,0,4275,2000
13:51:24:%N,0,4410,2000
13:51:24:%N,0,3690,2000
13:51:24:%N,0,2205,2000
13:51:25:%N,0,1485,2000
13:51:25:%N,0,900,2000
13:51:25:%N,0,0,2000
13:51:25:%N,148,270,2000
13:51:25:%N,0,3870,2000
13:51:25:%N,0,4005,2000
13:51:25:%N,0,3195,2000
13:51:25:%N,0,1755,2000
13:51:25:%N,0,1080,2000
13:51:26:%N,0,495,2000
13:51:26:%N,4096,1080,2000
13:51:26:%N,0,4950,2000
13:51:26:%N,0,5175,2000
13:51:26:%N,0,3510,2000
13:51:26:%N,0,2700,2000
13:51:26:%N,0,2025,2000
13:51:26:%N,0,1350,2000
13:51:26:%N,0,90,2000
13:51:27:%N,0,0,2000
13:51:27:%N,260,45,2000
13:51:27:%N,0,4680,2000
13:51:27:%N,0,3825,2000
13:51:27:%N,0,2970,2000
13:51:27:%N,0,2295,2000
13:51:27:%N,0,945,2000
13:51:27:%N,0,225,2000
13:51:27:%N,529,1215,2000
13:51:28:%N,0,5175,2000
13:51:28:%N,0,4320,2000
13:51:28:%N,0,2700,2000
13:51:28:%N,0,2025,2000
13:51:28:%N,0,720,2000
13:51:28:%N,0,90,2000
13:51:28:%N,8,0,2000
13:51:28:%N,0,3330,2000
13:51:29:%N,0,4455,2000
13:51:29:%N,0,3690,2000
13:51:29:%N,0,2205,2000
13:51:29:%N,0,1440,2000
13:51:29:%N,0,900,2000
13:51:29:%N,0,0,2000
13:51:29:%N,0,1620,2000
13:51:29:%N,0,2880,2000
13:51:29:%N,0,1530,2000
13:51:30:%N,0,900,2000
13:51:30:%N,0,1575,2000
13:51:30:%N,0,1935,2000
13:51:30:%N,52,1305,2000
13:51:30:%N,0,3375,2000
13:51:30:%N,0,2160,2000
13:51:30:%N,0,1530,2000
13:51:30:%N,77,990,2000
13:51:31:%N,0,6345,2000
13:51:31:%N,0,5310,2000
13:51:31:%N,0,3600,2000
13:51:31:%N,0,2790,2000
13:51:31:%N,0,1395,2000
13:51:31:%N,0,810,2000
13:51:31:%N,0,90,2000
13:51:31:%N,4096,-44,2000
13:51:31:%N,397,630,2000
13:51:32:%N,0,5175,2000
13:51:32:%N,0,4320,2000
13:51:32:%N,0,3465,2000
13:51:32:%N,0,1980,2000
13:51:32:%N,0,1350,2000
13:51:32:%N,0,90,2000
13:51:32:%N,0,0,2000
13:51:32:%N,111,0,2000
13:51:33:%N,0,4095,2000
13:51:33:%N,0,3375,2000
13:51:33:%N,0,1890,2000
13:51:33:%N,0,1260,2000
13:51:33:%N,0,-89,2000
13:51:33:%N,835,1395,2000
13:51:33:%N,0,5895,2000
13:51:33:%N,0,4275,2000
13:51:33:%N,0,3465,2000
13:51:34:%N,0,2700,2000
13:51:34:%N,0,2025,2000
13:51:34:%N,0,720,2000
13:51:34:%N,0,45,2000
13:51:34:%N,1124,675,2000
13:51:34:%N,321,3735,2000
13:51:34:%N,0,7110,2000
13:51:34:%N,0,4860,2000
13:51:34:%N,0,4005,2000
13:51:35:%N,0,3195,2000
13:51:35:%N,0,1755,2000
13:51:35:%N,0,450,2000
13:51:35:%N,4096,-44,2000
13:51:35:%N,0,2790,2000
13:51:35:%N,0,2070,2000
13:51:35:%N,0,810,2000
13:51:36:%N,0,4635,2000
13:51:36:%N,0,3690,2000
13:51:36:%N,0,2880,2000
13:51:36:%N,0,2205,2000
13:51:36:%N,0,900,2000
13:51:36:%N,0,90,2000
13:51:36:%N,141,765,2000
13:51:36:%N,0,3555,2000
13:51:36:%N,0,4545,2000
13:51:37:%N,0,3780,2000
13:51:37:%N,0,2250,2000
13:51:37:%N,0,1530,2000
13:51:37:%N,0,900,2000
13:51:37:%N,0,0,2000
13:51:37:%N,251,135,2000
13:51:37:%N,0,4770,2000
13:51:37:%N,0,3960,2000
13:51:37:%N,0,2385,2000
13:51:38:%N,0,1755,2000
13:51:38:%N,0,450,2000
13:51:38:%N,0,0,2000
13:51:38:%N,63,135,2000
13:51:38:%N,0,4545,2000
13:51:38:%N,0,3870,2000
13:51:38:%N,0,3105,2000
13:51:38:%N,0,2385,2000
13:51:39:%N,0,1035,2000
13:51:39:%N,0,405,2000
13:51:39:%N,4096,-44,2000
13:51:39:%N,366,1575,2000
13:51:39:%N,0,5130,2000
13:51:39:%N,0,4275,2000
13:51:39:%N,0,3465,2000
13:51:39:%N,0,2025,2000
13:51:39:%N,0,1350,2000
13:51:40:%N,0,720,2000
13:51:40:%N,0,0,2000
13:51:40:%N,229,0,2000
13:51:40:%N,0,3600,2000
13:51:40:%N,0,2160,2000
13:51:40:%N,0,1530,2000
13:51:40:%N,88,90,2000
13:51:40:%N,0,2430,2000
13:51:41:%N,0,3555,2000
13:51:41:%N,0,2745,2000
13:51:41:%N,0,1350,2000
13:51:41:%N,0,720,2000
13:51:41:%N,106,90,2000
13:51:41:%N,0,4275,2000
13:51:41:%N,0,4455,2000
13:51:41:%N,0,3645,2000
13:51:42:%N,0,2160,2000
13:51:42:%N,0,1485,2000
13:51:42:%N,0,855,2000
13:51:42:%N,0,0,2000
13:51:42:%N,247,45,2000
13:51:42:%N,0,4500,2000
13:51:42:%N,0,3735,2000
13:51:42:%N,0,2250,2000
13:51:42:%N,0,1530,2000
13:51:43:%N,0,180,2000
13:51:43:%N,0,0,2000
13:51:43:%N,352,2700,2000
13:51:43:%N,0,4275,2000
13:51:43:%N,0,2790,2000
13:51:43:%N,0,2115,2000
13:51:43:%N,0,810,2000
13:51:43:%N,0,135,2000
13:51:44:%N,238,0,2000
13:51:44:%N,0,4050,2000
13:51:44:%N,0,4320,2000
13:51:44:%N,0,2790,2000
13:51:44:%N,0,2070,2000
13:51:44:%N,0,1395,2000
13:51:44:%N,0,90,2000
13:51:44:%N,47,0,2000
13:51:44:%N,0,2070,2000
13:51:45:%N,0,2520,2000
13:51:45:%N,0,1800,2000
13:51:45:%N,0,495,2000
13:51:45:%N,9,1440,2000
13:51:45:%N,0,4725,2000
13:51:45:%N,0,3870,2000
13:51:45:%N,0,2340,2000
13:51:45:%N,0,1665,2000
13:51:46:%N,0,360,2000
13:51:46:%N,4096,-89,2000
13:51:46:%N,0,4500,2000
13:51:46:%N,0,5040,2000
13:51:46:%N,0,4230,2000
13:51:46:%N,0,2655,2000
13:51:46:%N,0,1980,2000
13:51:46:%N,0,1260,2000
13:51:46:%N,0,-44,2000
13:51:47:%N,492,1935,2000
13:51:47:%N,0,5445,2000
13:51:47:%N,0,4230,2000
13:51:47:%N,0,3420,2000
13:51:47:%N,0,2700,2000
13:51:47:%N,0,1260,2000
13:51:47:%N,0,720,2000
13:51:47:%N,0,0,2000
13:51:48:%N,0,1395,2000
13:51:48:%N,0,2205,2000
13:51:48:%N,0,855,2000
13:51:48:%N,0,1710,2000
13:51:48:%N,0,2835,2000
13:51:48:%N,0,2115,2000
13:51:48:%N,0,810,2000
13:51:48:%N,307,450,2000
13:51:49:%N,0,4905,2000
13:51:49:%N,0,4005,2000
13:51:49:%N,0,3105,2000
13:51:49:%N,0,2430,2000
13:51:49:%N,0,1710,2000
13:51:49:%N,0,450,2000
13:51:49:%N,4096,-44,2000
13:51:49:%N,0,6480,2000
13:51:49:%N,0,5040,2000
13:51:50:%N,0,4230,2000
13:51:50:%N,0,2610,2000
13:51:50:%N,0,1980,2000
13:51:50:%N,0,675,2000
13:51:50:%N,0,0,2000
13:51:50:%N,59,0,2000
13:51:50:%N,0,2790,2000
13:51:50:%N,0,3465,2000
13:51:51:%N,0,2700,2000
13:51:51:%N,0,1305,2000
13:51:51:%N,0,720,2000
13:51:51:%N,0,990,2000
13:51:51:%N,0,2835,2000
13:51:51:%N,0,3150,2000
13:51:51:%N,0,1755,2000
13:51:51:%N,0,1035,2000
13:51:51:%N,291,2610,2000
13:51:52:%N,0,2475,2000
13:51:52:%N,0,1845,2000
13:51:52:%N,0,1170,2000
13:51:52:%N,0,540,2000
13:51:52:%N,1014,1440,2000
13:51:52:%N,0,5670,2000
13:51:52:%N,0,4140,2000
13:51:53:%N,0,3420,2000
13:51:53:%N,0,1935,2000
13:51:53:%N,0,1215,2000
13:51:53:%N,0,-44,2000
13:51:53:%N,1210,1080,2000
13:51:53:%N,0,4995,2000
13:51:53:%N,0,4185,2000
13:51:53:%N,0,2610,2000
13:51:54:%N,0,1890,2000
13:51:54:%N,0,585,2000
13:51:54:%N,100,45,2000
13:51:54:%N,0,1620,2000
13:51:54:%N,0,3015,2000
13:51:54:%N,0,2250,2000
13:51:54:%N,0,1575,2000
13:51:54:%N,0,135,2000
13:51:54:%N,0,3915,2000
13:51:55:%N,0,4230,2000
13:51:55:%N,0,2745,2000
13:51:55:%N,0,2025,2000
13:51:55:%N,0,720,2000
13:51:55:%N,0,45,2000
13:51:55:%N,337,2025,2000
13:51:55:%N,0,4095,2000
13:51:55:%N,0,2610,2000
13:51:56:%N,0,1890,2000
13:51:56:%N,0,630,2000
13:51:56:%N,289,45,2000
13:51:56:%N,0,4095,2000
13:51:56:%N,0,3375,2000
13:51:56:%N,0,1890,2000
13:51:56:%N,0,1260,2000
13:51:56:%N,0,630,2000
13:51:57:%N,0,855,2000
13:51:57:%N,0,3060,2000
13:51:57:%N,0,3915,2000
13:51:57:%N,0,2430,2000
13:51:57:%N,0,1755,2000
13:51:57:%N,0,1080,2000
13:51:57:%N,0,405,2000
13:51:57:%N,1022,1350,2000
13:51:57:%N,0,4095,2000
13:51:58:%N,0,5355,2000
13:51:58:%N,0,4455,2000
13:51:58:%N,0,2880,2000
13:51:58:%N,0,2115,2000
13:51:58:%N,0,855,2000
13:51:58:%N,0,90,2000
13:51:58:%N,617,990,2000
13:51:58:%N,0,4455,2000
13:51:59:%N,0,4185,2000
13:51:59:%N,0,3420,2000
13:51:59:%N,0,1935,2000
13:51:59:%N,0,1260,2000
13:51:59:%N,0,630,2000
13:51:59:%N,0,-44,2000
13:51:59:%N,1169,945,2000
13:51:59:%N,358,3510,2000
13:51:59:%N,0,5670,2000
13:52:00:%N,0,4815,2000
13:52:00:%N,0,3915,2000
13:52:00:%N,0,2430,2000
13:52:00:%N,0,1710,2000
13:52:00:%N,0,1080,2000
13:52:00:%N,0,-44,2000
13:52:00:%N,861,315,2000
13:52:00:%N,0,5805,2000
13:52:01:%N,0,4320,2000
13:52:01:%N,0,3510,2000
13:52:01:%N,0,2025,2000
13:52:01:%N,0,1350,2000
13:52:01:%N,0,90,2000
13:52:01:%N,0,-44,2000
13:52:01:%N,716,855,2000
13:52:01:%N,0,4995,2000
13:52:02:%N,0,4230,2000
13:52:02:%N,0,3420,2000
13:52:02:%N,0,1890,2000
13:52:02:%N,0,1260,2000
13:52:02:%N,0,630,2000
13:52:02:%N,0,0,2000
13:52:02:%N,0,1440,2000
13:52:02:%N,0,3150,2000
13:52:02:%N,0,1800,2000
13:52:03:%N,0,1170,2000
13:52:03:%N,0,2250,2000
13:52:03:%N,0,3915,2000
13:52:03:%N,0,2430,2000
13:52:03:%N,0,1800,2000
13:52:03:%N,0,495,2000
13:52:03:%N,156,720,2000
13:52:03:%N,0,4950,2000
13:52:04:%N,0,4140,2000
13:52:04:%N,0,2565,2000
13:52:04:%N,0,1845,2000
13:52:04:%N,0,1215,2000
13:52:04:%N,0,-44,2000
13:52:04:%N,182,990,2000
13:52:04:%N,0,4770,2000
13:52:04:%N,0,5040,2000
13:52:04:%N,0,3420,2000
13:52:05:%N,0,2610,2000
13:52:05:%N,0,1260,2000
13:52:05:%N,0,630,2000
13:52:05:%N,0,45,2000
13:52:05:%N,0,0,2000
13:52:05:%N,0,1845,2000
13:52:05:%N,0,2880,2000
13:52:05:%N,0,2115,2000
13:52:05:%N,0,1485,2000
13:52:06:%N,223,135,2000
13:52:06:%N,0,3285,2000
13:52:06:%N,0,3465,2000
13:52:06:%N,0,1935,2000
13:52:06:%N,0,1350,2000
13:52:06:%N,0,90,2000
13:52:06:%N,18,855,2000
13:52:06:%N,0,3870,2000
13:52:07:%N,0,3825,2000
13:52:07:%N,0,3015,2000
13:52:07:%N,0,2340,2000
13:52:07:%N,0,990,2000
13:52:07:%N,0,225,2000
13:52:07:%N,0,0,2000
13:52:07:%N,0,3060,2000
13:52:07:%N,0,3915,2000
13:52:07:%N,0,3195,2000
13:52:08:%N,0,1755,2000
13:52:08:%N,0,1125,2000
13:52:08:%N,0,-44,2000
13:52:08:%N,1466,5625,2000
13:52:08:%N,0,5040,2000
13:52:08:%N,0,3375,2000
13:52:08:%N,0,2655,2000
13:52:09:%N,0,1935,2000
13:52:09:%N,0,630,2000
13:52:09:%N,276,90,2000
13:52:09:%N,0,4140,2000
13:52:09:%N,0,3465,2000
13:52:09:%N,0,2655,2000
13:52:09:%N,0,1260,2000
13:52:09:%N,0,675,2000
13:52:09:%N,0,45,2000
13:52:10:%N,262,1800,2000
13:52:10:%N,0,3510,2000
13:52:10:%N,0,2835,2000
13:52:10:%N,0,2070,2000
13:52:10:%N,0,810,2000
13:52:10:%N,419,90,2000
13:52:10:%N,0,4230,2000
13:52:10:%N,0,3510,2000
13:52:10:%N,0,1980,2000
13:52:11:%N,0,1350,2000
13:52:11:%N,148,0,2000
13:52:11:%N,0,3240,2000
13:52:11:%N,0,3375,2000
13:52:11:%N,0,2610,2000
13:52:11:%N,0,1260,2000
13:52:11:%N,0,630,2000
13:52:11:%N,233,1890,2000
13:52:12:%N,0,3240,2000
13:52:12:%N,0,2520,2000
13:52:12:%N,0,1800,2000
13:52:12:%N,38,540,2000
13:52:12:%N,0,4545,2000
13:52:12:%N,0,3330,2000
13:52:12:%N,0,2610,2000
13:52:12:%N,0,1845,2000
13:52:12:%N,0,540,2000
13:52:13:%N,0,45,2000
13:52:13:%N,278,0,2000
13:52:13:%N,0,4185,2000
13:52:13:%N,0,2655,2000
13:52:13:%N,0,1260,2000
13:52:13:%N,91,90,2000
13:52:13:%N,0,3915,2000
13:52:14:%N,0,4275,2000
13:52:14:%N,0,2700,2000
13:52:14:%N,0,1980,2000
13:52:14:%N,0,1305,2000
13:52:14:%N,0,0,2000
13:52:14:%N,163,0,2000
13:52:14:%N,0,3870,2000
13:52:14:%N,0,3375,2000
13:52:15:%N,0,2565,2000
13:52:15:%N,0,1890,2000
13:52:15:%N,0,585,2000
13:52:15:%N,0,45,2000
13:52:15:%N,290,45,2000
13:52:15:%N,0,4455,2000
13:52:15:%N,0,3735,2000
13:52:15:%N,0,2160,2000
13:52:15:%N,0,1530,2000
13:52:16:%N,0,225,2000
13:52:16:%N,0,-44,2000
13:52:16:%N,727,3960,2000
13:52:16:%N,0,5085,2000
13:52:16:%N,0,3420,2000
13:52:16:%N,0,2655,2000
13:52:16:%N,0,1260,2000
13:52:16:%N,0,630,2000
13:52:17:%N,33,0,2000
13:52:17:%N,169,4545,2000
13:52:17:%N,0,4455,2000
13:52:17:%N,0,3645,2000
13:52:17:%N,0,2160,2000
13:52:17:%N,0,1485,2000
13:52:17:%N,0,810,2000
13:52:17:%N,0,0,2000
13:52:17:%N,0,-44,2000
13:52:18:%N,1566,0,2000
13:52:18:%N,12,4545,2000
13:52:18:%N,0,5445,2000
13:52:18:%N,0,4545,2000
13:52:18:%N,0,2925,2000
13:52:18:%N,0,1485,2000
13:52:18:%N,0,855,2000
13:52:18:%N,0,0,2000
13:52:19:%N,130,0,2000
