19:27:56:%N,4096,0,2000
19:27:56:%N,4096,0,2000
19:27:56:%N,4096,0,2000
19:27:56:%N,4096,0,2000
19:27:56:%N,4096,0,2000
19:27:57:%N,4096,0,2000
19:27:57:%N,4096,0,2000
19:27:57:%N,4096,0,2000
19:27:57:%N,4096,0,2000
19:27:57:%N,4096,0,2000
19:27:57:%N,4096,0,2000
19:27:57:%N,4096,0,2000
19:27:57:%N,4096,0,2000
19:27:58:%N,4096,0,2000
19:27:58:%N,4096,0,2000
19:27:58:%N,4096,0,2000
19:27:58:%N,4096,0,2000
19:27:58:%N,4096,0,2000
19:27:58:%N,4096,0,2000
19:27:58:%N,4096,0,2000
19:27:58:%N,4096,0,2000
19:27:58:%N,4096,0,2000
19:27:59:%N,4096,0,2000
19:27:59:%N,0,0,2000
19:27:59:%N,0,0,2000
19:27:59:%N,0,0,2000
19:27:59:%N,0,0,2000
19:27:59:%N,0,0,2000
19:27:59:%N,0,0,2000
19:27:59:%N,0,0,2000
19:27:59:%N,0,0,2000
19:28:00:%N,0,0,2000
19:28:00:%N,0,0,2000
19:28:00:%N,0,0,2000
19:28:00:%N,0,0,2000
19:28:00:%N,0,0,2000
19:28:00:%N,0,0,2000
19:28:00:%N,0,0,2000
19:28:00:%N,0,0,2000
19:28:00:%N,0,0,2000
19:28:01:%N,0,0,2000
19:28:01:%N,0,0,2000
19:28:01:%N,0,0,2000
19:28:01:%N,0,0,2000
19:28:01:%N,0,0,2000
19:28:01:%N,0,0,2000
19:28:01:%N,0,0,2000
19:28:01:%N,0,0,2000
19:28:01:%N,0,0,2000
19:28:02:%N,0,0,2000
19:28:02:%N,0,0,2000
19:28:02:%N,0,0,2000
19:28:02:%N,0,0,2000
19:28:02:%N,0,0,2000
19:28:02:%N,0,0,2000
19:28:02:%N,0,0,2000
19:28:02:%N,0,0,2000
19:28:03:%N,0,0,2000
19:28:03:%N,0,0,2000
19:28:03:%N,0,0,2000
19:28:03:%N,0,0,2000
19:28:03:%N,0,0,2000
19:28:03:%N,0,0,2000
19:28:03:%N,0,0,2000
19:28:03:%N,0,0,2000
19:28:03:%N,0,0,2000
19:28:04:%N,0,0,2000
19:28:04:%N,0,0,2000
19:28:04:%N,0,0,2000
19:28:04:%N,0,0,2000
19:28:04:%N,0,0,2000
19:28:04:%N,0,0,2000
19:28:04:%N,0,0,2000
19:28:04:%N,0,0,2000
19:28:04:%N,0,0,2000
19:28:05:%N,0,0,2000
19:28:05:%N,0,0,2000
19:28:05:%N,0,0,2000
19:28:05:%N,0,0,2000
19:28:05:%N,0,0,2000
19:28:05:%N,0,0,2000
19:28:05:%N,0,0,2000
19:28:05:%N,0,0,2000
19:28:05:%N,0,0,2000
19:28:06:%N,0,0,2000
19:28:06:%N,0,0,2000
19:28:06:%N,0,0,2000
19:28:06:%N,0,0,2000
19:28:06:%N,0,0,2000
19:28:06:%N,0,0,2000
19:28:06:%N,0,0,2000
19:28:06:%N,0,0,2000
19:28:06:%N,0,0,2000
19:28:07:%N,0,0,2000
19:28:07:%N,0,0,2000
19:28:07:%N,0,0,2000
19:28:07:%N,0,0,2000
19:28:07:%N,0,0,2000
19:28:07:%N,0,0,2000
19:28:07:%N,0,0,2000
19:28:07:%N,0,0,2000
19:28:08:%N,0,0,2000
19:28:08:%N,0,0,2000
19:28:08:%N,0,0,2000
19:28:08:%N,0,0,2000
19:28:08:%N,0,0,2000
19:28:08:%N,0,0,2000
19:28:08:%N,0,0,2000
19:28:08:%N,0,0,2000
19:28:08:%N,0,0,2000
19:28:08:%N,0,0,2000
19:28:09:%N,0,0,2000
19:28:09:%N,0,0,2000
19:28:09:%N,0,0,2000
19:28:09:%N,0,0,2000
19:28:09:%N,0,0,2000
19:28:09:%N,0,0,2000
19:28:09:%N,0,0,2000
19:28:09:%N,0,0,2000
19:28:10:%N,0,0,2000
19:28:10:%N,0,0,2000
19:28:10:%N,0,0,2000
19:28:10:%N,0,0,2000
19:28:10:%N,0,0,2000
19:28:10:%N,0,0,2000
19:28:10:%N,0,0,2000
19:28:10:%N,0,0,2000
19:28:10:%N,0,0,2000
19:28:11:%N,0,0,2000
19:28:11:%N,0,0,2000
19:28:11:%N,0,0,2000
19:28:11:%N,0,0,2000
19:28:11:%N,0,0,2000
19:28:11:%N,0,0,2000
19:28:11:%N,0,0,2000
19:28:11:%N,0,0,2000
19:28:11:%N,0,0,2000
19:28:11:%N,0,0,2000
19:28:12:%N,0,0,2000
19:28:12:%N,0,0,2000
19:28:12:%N,0,0,2000
19:28:12:%N,0,0,2000
19:28:12:%N,0,0,2000
19:28:12:%N,0,0,2000
19:28:12:%N,332,0,2000
19:28:12:%N,893,0,2000
19:28:13:%N,1432,0,2000
19:28:13:%N,1922,0,2000
19:28:13:%N,2396,0,2000
19:28:13:%N,2898,0,2000
19:28:13:%N,3377,0,2000
19:28:13:%N,3848,0,2000
19:28:13:%N,4096,0,2000
19:28:13:%N,4096,0,2000
19:28:13:%N,4096,0,2000
19:28:14:%N,4096,0,2000
19:28:14:%N,4096,0,2000
19:28:14:%N,4096,0,2000
19:28:14:%N,4096,0,2000
19:28:14:%N,4096,0,2000
19:28:14:%N,4096,0,2000
19:28:14:%N,4096,0,2000
19:28:14:%N,4096,0,2000
19:28:15:%N,4096,0,2000
19:28:15:%N,4096,0,2000
19:28:15:%N,4096,0,2000
19:28:15:%N,4096,0,2000
19:28:15:%N,4096,0,2000
19:28:15:%N,4096,0,2000
19:28:15:%N,4096,0,2000
19:28:15:%N,4096,0,2000
19:28:15:%N,4096,0,2000
19:28:15:%N,4096,0,2000
19:28:16:%N,4096,0,2000
19:28:16:%N,4096,0,2000
19:28:16:%N,4096,0,2000
19:28:16:%N,4096,0,2000
19:28:16:%N,4096,0,2000
19:28:16:%N,4096,0,2000
19:28:16:%N,4096,0,2000
19:28:16:%N,4096,0,2000
19:28:17:%N,4096,0,2000
19:28:17:%N,4096,0,2000
19:28:17:%N,4096,0,2000
19:28:17:%N,4096,0,2000
19:28:17:%N,4096,0,2000
19:28:17:%N,4096,0,2000
19:28:17:%N,4096,0,2000
19:28:17:%N,4096,0,2000
19:28:17:%N,4096,0,2000
19:28:18:%N,4096,0,2000
19:28:18:%N,4096,0,2000
19:28:18:%N,4096,0,2000
19:28:18:%N,4096,0,2000
19:28:18:%N,4096,0,2000
19:28:18:%N,4096,0,2000
19:28:18:%N,4096,0,2000
19:28:18:%N,4096,0,2000
19:28:18:%N,4096,0,2000
19:28:19:%N,4096,0,2000
19:28:19:%N,4096,0,2000
19:28:19:%N,4096,0,2000
19:28:19:%N,4096,0,2000
19:28:19:%N,4096,0,2000
19:28:19:%N,4096,0,2000
19:28:19:%N,4096,0,2000
19:28:19:%N,4096,0,2000
19:28:20:%N,4096,0,2000
19:28:20:%N,4096,0,2000
19:28:20:%N,4096,0,2000
19:28:20:%N,4096,0,2000
19:28:20:%N,4096,0,2000
19:28:20:%N,4096,0,2000
19:28:20:%N,4096,0,2000
19:28:20:%N,4096,0,2000
19:28:20:%N,4096,0,2000
19:28:21:%N,4096,0,2000
19:28:21:%N,4096,0,2000
19:28:21:%N,4096,0,2000
19:28:21:%N,4096,0,2000
19:28:21:%N,4096,0,2000
19:28:21:%N,4096,0,2000
19:28:21:%N,4096,0,2000
19:28:21:%N,4096,0,2000
19:28:21:%N,4096,0,2000
19:28:21:%N,4096,0,2000
19:28:22:%N,4096,0,2000
19:28:22:%N,4096,0,2000
19:28:22:%N,4096,0,2000
19:28:22:%N,4096,0,2000
19:28:22:%N,4096,0,2000
19:28:22:%N,4096,0,2000
19:28:22:%N,4096,0,2000
19:28:22:%N,4096,0,2000
19:28:22:%N,4096,0,2000
19:28:23:%N,4096,0,2000
19:28:23:%N,4096,0,2000
19:28:23:%N,4096,0,2000
19:28:23:%N,4096,0,2000
19:28:23:%N,4096,0,2000
19:28:23:%N,4096,0,2000
19:28:23:%N,4096,0,2000
19:28:23:%N,4096,0,2000
19:28:23:%N,4096,0,2000
19:28:24:%N,4096,0,2000
19:28:24:%N,4096,0,2000
19:28:24:%N,4096,0,2000
19:28:24:%N,4096,0,2000
19:28:24:%N,4096,0,2000
19:28:24:%N,4096,0,2000
19:28:24:%N,4096,0,2000
19:28:24:%N,4096,0,2000
19:28:24:%N,4096,0,2000
19:28:25:%N,4096,0,2000
19:28:25:%N,4096,0,2000
19:28:25:%N,4096,0,2000
19:28:25:%N,4096,0,2000
19:28:25:%N,4096,0,2000
19:28:25:%N,4096,0,2000
19:28:25:%N,4096,0,2000
19:28:25:%N,4096,0,2000
19:28:25:%N,4096,0,2000
19:28:26:%N,4096,0,2000
19:28:26:%N,4096,0,2000
19:28:26:%N,4096,0,2000
19:28:26:%N,4096,0,2000
19:28:26:%N,4096,0,2000
19:28:26:%N,4096,0,2000
19:28:26:%N,4096,0,2000
19:28:26:%N,4096,0,2000
19:28:26:%N,4096,0,2000
19:28:27:%N,4096,0,2000
19:28:27:%N,4096,0,2000
19:28:27:%N,4096,0,2000
19:28:27:%N,4096,0,2000
19:28:27:%N,4096,0,2000
19:28:27:%N,4096,0,2000
19:28:27:%N,4096,0,2000
19:28:27:%N,4096,0,2000
19:28:27:%N,4096,0,2000
19:28:28:%N,4096,0,2000
19:28:28:%N,4096,0,2000
19:28:28:%N,4096,0,2000
19:28:28:%N,4096,0,2000
19:28:28:%N,4096,0,2000
19:28:28:%N,4096,0,2000
19:28:28:%N,4096,0,2000
19:28:28:%N,4096,0,2000
19:28:28:%N,0,0,2000
19:28:29:%N,0,0,2000
19:28:29:%N,0,0,2000
19:28:29:%N,0,0,2000
19:28:29:%N,0,0,2000
19:28:29:%N,0,0,2000
19:28:29:%N,0,0,2000
19:28:29:%N,0,0,2000
19:28:29:%N,0,0,2000
19:28:29:%N,0,0,2000
19:28:30:%N,0,0,2000
19:28:30:%N,0,0,2000
19:28:30:%N,0,0,2000
19:28:30:%N,0,0,2000
19:28:30:%N,0,0,2000
19:28:30:%N,0,0,2000
19:28:30:%N,0,0,2000
19:28:30:%N,0,0,2000
19:28:30:%N,0,0,2000
19:28:30:%N,0,0,2000
19:28:31:%N,0,0,2000
19:28:31:%N,0,0,2000
19:28:31:%N,0,0,2000
19:28:31:%N,0,0,2000
19:28:31:%N,0,0,2000
19:28:31:%N,0,0,2000
19:28:31:%N,0,0,2000
19:28:31:%N,0,0,2000
19:28:31:%N,0,0,2000
19:28:32:%N,0,0,2000
19:28:32:%N,0,0,2000
19:28:32:%N,0,0,2000
19:28:32:%N,0,0,2000
19:28:32:%N,0,0,2000
19:28:32:%N,0,0,2000
19:28:32:%N,0,0,2000
19:28:32:%N,0,0,2000
19:28:33:%N,0,0,2000
19:28:33:%N,0,0,2000
19:28:33:%N,0,0,2000
19:28:33:%N,0,0,2000
19:28:33:%N,0,0,2000
19:28:33:%N,0,0,2000
19:28:33:%N,0,0,2000
19:28:33:%N,0,0,2000
19:28:33:%N,0,0,2000
19:28:34:%N,0,0,2000
19:28:34:%N,0,0,2000
19:28:34:%N,0,0,2000
19:28:34:%N,0,0,2000
19:28:34:%N,0,0,2000
19:28:34:%N,0,0,2000
19:28:34:%N,0,0,2000
19:28:34:%N,0,0,2000
19:28:35:%N,0,0,2000
19:28:35:%N,0,0,2000
19:28:35:%N,0,0,2000
19:28:35:%N,0,0,2000
19:28:35:%N,0,0,2000
19:28:35:%N,0,0,2000
19:28:35:%N,0,0,2000
19:28:35:%N,0,0,2000
19:28:36:%N,0,0,2000
19:28:36:%N,0,0,2000
19:28:36:%N,0,0,2000
19:28:36:%N,0,0,2000
19:28:36:%N,0,0,2000
19:28:36:%N,0,0,2000
19:28:36:%N,0,0,2000
19:28:36:%N,0,0,2000
19:28:36:%N,0,0,2000
19:28:36:%N,0,0,2000
19:28:37:%N,0,0,2000
19:28:37:%N,0,0,2000
19:28:37:%N,0,0,2000
19:28:37:%N,0,0,2000
19:28:37:%N,0,0,2000
19:28:37:%N,0,0,2000
19:28:37:%N,0,0,2000
19:28:37:%N,0,0,2000
19:28:38:%N,0,0,2000
19:28:38:%N,0,0,2000
19:28:38:%N,0,0,2000
19:28:38:%N,0,0,2000
19:28:38:%N,0,0,2000
19:28:38:%N,0,0,2000
19:28:38:%N,0,0,2000
19:28:38:%N,0,0,2000
19:28:38:%N,0,0,2000
19:28:39:%N,0,0,2000
19:28:39:%N,0,0,2000
19:28:39:%N,0,0,2000
19:28:39:%N,0,0,2000
19:28:39:%N,0,0,2000
19:28:39:%N,0,0,2000
19:28:39:%N,0,0,2000
19:28:39:%N,0,0,2000
19:28:40:%N,0,0,2000
19:28:40:%N,0,0,2000
19:28:40:%N,0,0,2000
19:28:40:%N,0,0,2000
19:28:40:%N,0,0,2000
19:28:40:%N,0,0,2000
19:28:40:%N,0,0,2000
19:28:40:%N,0,0,2000
19:28:40:%N,0,0,2000
19:28:41:%N,0,0,2000
19:28:41:%N,0,0,2000
19:28:41:%N,0,0,2000
19:28:41:%N,0,0,2000
19:28:41:%N,0,0,2000
19:28:41:%N,0,0,2000
19:28:41:%N,0,0,2000
19:28:41:%N,0,0,2000
19:28:41:%N,0,0,2000
19:28:41:%N,0,0,2000
19:28:42:%N,0,0,2000
19:28:42:%N,0,0,2000
19:28:42:%N,0,0,2000
19:28:42:%N,0,0,2000
19:28:42:%N,242,0,2000
19:28:42:%N,789,0,2000
19:28:42:%N,1285,0,2000
19:28:42:%N,1776,0,2000
19:28:43:%N,2231,0,2000
19:28:43:%N,2684,0,2000
19:28:43:%N,3124,0,2000
19:28:43:%N,3566,0,2000
19:28:43:%N,4021,0,2000
19:28:43:%N,4096,0,2000
19:28:43:%N,4096,0,2000
19:28:43:%N,4096,0,2000
19:28:43:%N,4096,0,2000
19:28:43:%N,4096,0,2000
19:28:44:%N,4096,0,2000
19:28:44:%N,4096,0,2000
19:28:44:%N,4096,0,2000
19:28:44:%N,4096,0,2000
19:28:44:%N,4096,0,2000
19:28:44:%N,4096,0,2000
19:28:44:%N,4096,0,2000
19:28:44:%N,4096,0,2000
19:28:44:%N,4096,0,2000
19:28:45:%N,4096,0,2000
19:28:45:%N,4096,0,2000
19:28:45:%N,4096,0,2000
19:28:45:%N,4096,0,2000
19:28:45:%N,4096,0,2000
19:28:45:%N,4096,0,2000
19:28:45:%N,4096,0,2000
19:28:45:%N,4096,0,2000
19:28:45:%N,4096,0,2000
19:28:45:%N,4096,0,2000
19:28:46:%N,4096,0,2000
19:28:46:%N,4096,0,2000
19:28:46:%N,4096,0,2000
19:28:46:%N,4096,0,2000
19:28:46:%N,4096,0,2000
19:28:46:%N,4096,0,2000
19:28:46:%N,4096,0,2000
19:28:46:%N,4096,0,2000
19:28:46:%N,4096,0,2000
19:28:47:%N,4096,0,2000
19:28:47:%N,4096,0,2000
19:28:47:%N,4096,0,2000
19:28:47:%N,4096,0,2000
19:28:47:%N,4096,0,2000
19:28:47:%N,4096,0,2000
19:28:47:%N,4096,0,2000
19:28:47:%N,4096,0,2000
19:28:47:%N,4096,0,2000
19:28:48:%N,4096,0,2000
19:28:48:%N,4096,0,2000
19:28:48:%N,4096,0,2000
19:28:48:%N,4096,0,2000
19:28:48:%N,4096,0,2000
19:28:48:%N,4096,0,2000
19:28:48:%N,4096,0,2000
19:28:48:%N,4096,0,2000
19:28:48:%N,4096,0,2000
19:28:49:%N,4096,0,2000
19:28:49:%N,4096,0,2000
19:28:49:%N,4096,0,2000
19:28:49:%N,4096,0,2000
19:28:49:%N,4096,0,2000
19:28:49:%N,4096,0,2000
19:28:49:%N,4096,0,2000
19:28:49:%N,4096,0,2000
19:28:49:%N,4096,0,2000
19:28:50:%N,4096,0,2000
19:28:50:%N,4096,0,2000
19:28:50:%N,4096,0,2000
19:28:50:%N,4096,0,2000
19:28:50:%N,4096,0,2000
19:28:50:%N,4096,0,2000
19:28:50:%N,4096,0,2000
19:28:50:%N,4096,0,2000
19:28:50:%N,4096,0,2000
19:28:50:%N,4096,0,2000
19:28:51:%N,4096,0,2000
19:28:51:%N,4096,0,2000
19:28:51:%N,4096,0,2000
19:28:51:%N,4096,0,2000
19:28:51:%N,4096,0,2000
19:28:51:%N,4096,0,2000
19:28:51:%N,4096,0,2000
19:28:51:%N,4096,0,2000
19:28:52:%N,4096,0,2000
19:28:52:%N,4096,0,2000
19:28:52:%N,4096,0,2000
19:28:52:%N,4096,0,2000
19:28:52:%N,4096,0,2000
19:28:52:%N,4096,0,2000
19:28:52:%N,4096,0,2000
19:28:52:%N,4096,0,2000
19:28:52:%N,4096,0,2000
19:28:52:%N,4096,0,2000
19:28:53:%N,4096,0,2000
19:28:53:%N,4096,0,2000
19:28:53:%N,4096,0,2000
19:28:53:%N,4096,0,2000
19:28:53:%N,4096,0,2000
19:28:53:%N,4096,0,2000
19:28:53:%N,4096,0,2000
19:28:53:%N,4096,0,2000
19:28:53:%N,4096,0,2000
19:28:54:%N,4096,0,2000
19:28:54:%N,4096,0,2000
19:28:54:%N,4096,0,2000
19:28:54:%N,4096,0,2000
19:28:54:%N,4096,0,2000
19:28:54:%N,4096,0,2000
19:28:54:%N,4096,0,2000
19:28:54:%N,4096,0,2000
19:28:54:%N,4096,0,2000
19:28:55:%N,4096,0,2000
19:28:55:%N,4096,0,2000
19:28:55:%N,4096,0,2000
19:28:55:%N,4096,0,2000
19:28:55:%N,4096,0,2000
19:28:55:%N,4096,0,2000
19:28:55:%N,4096,0,2000
19:28:55:%N,4096,0,2000
19:28:55:%N,4096,0,2000
19:28:56:%N,4096,0,2000
19:28:56:%N,4096,0,2000
19:28:56:%N,4096,0,2000
19:28:56:%N,4096,0,2000
19:28:56:%N,4096,0,2000
19:28:56:%N,4096,0,2000
19:28:56:%N,4096,0,2000
19:28:56:%N,4096,0,2000
19:28:56:%N,4096,0,2000
19:28:57:%N,4096,0,2000
19:28:57:%N,4096,0,2000
19:28:57:%N,4096,0,2000
19:28:57:%N,4096,0,2000
19:28:57:%N,4096,0,2000
19:28:57:%N,4096,0,2000
19:28:57:%N,4096,0,2000
19:28:57:%N,4096,0,2000
19:28:57:%N,4096,0,2000
19:28:58:%N,4096,0,2000
19:28:58:%N,4096,0,2000
19:28:58:%N,4096,0,2000
19:28:58:%N,4096,0,2000
19:28:58:%N,4096,0,2000
19:28:58:%N,4096,0,2000
19:28:58:%N,0,0,2000
19:28:58:%N,0,0,2000
19:28:58:%N,0,0,2000
19:28:59:%N,0,0,2000
19:28:59:%N,0,0,2000
19:28:59:%N,0,0,2000
19:28:59:%N,0,0,2000
19:28:59:%N,0,0,2000
19:28:59:%N,0,0,2000
19:28:59:%N,0,0,2000
19:28:59:%N,0,0,2000
19:28:59:%N,0,0,2000
19:28:59:%N,0,0,2000
19:29:00:%N,0,0,2000
19:29:00:%N,0,0,2000
19:29:00:%N,0,0,2000
19:29:00:%N,0,0,2000
19:29:00:%N,0,0,2000
19:29:00:%N,0,0,2000
19:29:00:%N,0,0,2000
19:29:00:%N,0,0,2000
19:29:00:%N,0,0,2000
19:29:01:%N,0,0,2000
19:29:01:%N,0,0,2000
19:29:01:%N,0,0,2000
19:29:01:%N,0,0,2000
19:29:01:%N,0,0,2000
19:29:01:%N,0,0,2000
19:29:01:%N,0,0,2000
19:29:01:%N,0,0,2000
19:29:01:%N,0,0,2000
19:29:02:%N,0,0,2000
19:29:02:%N,0,0,2000
19:29:02:%N,0,0,2000
19:29:02:%N,0,0,2000
19:29:02:%N,0,0,2000
19:29:02:%N,0,0,2000
19:29:02:%N,0,0,2000
19:29:02:%N,0,0,2000
19:29:02:%N,0,0,2000
19:29:03:%N,0,0,2000
19:29:03:%N,0,0,2000
19:29:03:%N,0,0,2000
19:29:03:%N,0,0,2000
19:29:03:%N,0,0,2000
19:29:03:%N,0,0,2000
19:29:03:%N,0,0,2000
19:29:03:%N,0,0,2000
19:29:03:%N,0,0,2000
19:29:03:%N,0,0,2000
19:29:04:%N,0,0,2000
19:29:04:%N,0,0,2000
19:29:04:%N,0,0,2000
19:29:04:%N,0,0,2000
19:29:04:%N,0,0,2000
19:29:04:%N,0,0,2000
19:29:04:%N,0,0,2000
19:29:04:%N,0,0,2000
19:29:04:%N,0,0,2000
19:29:05:%N,0,0,2000
19:29:05:%N,0,0,2000
19:29:05:%N,0,0,2000
19:29:05:%N,0,0,2000
19:29:05:%N,0,0,2000
19:29:05:%N,0,0,2000
19:29:05:%N,0,0,2000
19:29:05:%N,0,0,2000
19:29:05:%N,0,0,2000
19:29:06:%N,0,0,2000
19:29:06:%N,0,0,2000
19:29:06:%N,0,0,2000
19:29:06:%N,0,0,2000
19:29:06:%N,0,0,2000
19:29:06:%N,0,0,2000
19:29:06:%N,0,0,2000
19:29:06:%N,0,0,2000
19:29:06:%N,0,0,2000
19:29:07:%N,0,0,2000
19:29:07:%N,0,0,2000
19:29:07:%N,0,0,2000
19:29:07:%N,0,0,2000
19:29:07:%N,0,0,2000
19:29:07:%N,0,0,2000
19:29:07:%N,0,0,2000
19:29:07:%N,0,0,2000
19:29:07:%N,0,0,2000
19:29:08:%N,0,0,2000
19:29:08:%N,0,0,2000
19:29:08:%N,0,0,2000
19:29:08:%N,0,0,2000
19:29:08:%N,0,0,2000
19:29:08:%N,0,0,2000
19:29:08:%N,0,0,2000
19:29:08:%N,0,0,2000
19:29:08:%N,0,0,2000
19:29:09:%N,0,0,2000
19:29:09:%N,0,0,2000
19:29:09:%N,0,0,2000
19:29:09:%N,0,0,2000
19:29:09:%N,0,0,2000
19:29:09:%N,0,0,2000
19:29:09:%N,0,0,2000
19:29:09:%N,0,0,2000
19:29:09:%N,0,0,2000
19:29:10:%N,0,0,2000
19:29:10:%N,0,0,2000
19:29:10:%N,0,0,2000
19:29:10:%N,0,0,2000
19:29:10:%N,0,0,2000
19:29:10:%N,0,0,2000
19:29:10:%N,0,0,2000
19:29:10:%N,0,0,2000
19:29:10:%N,0,0,2000
19:29:11:%N,0,0,2000
19:29:11:%N,0,0,2000
19:29:11:%N,0,0,2000
19:29:11:%N,0,0,2000
19:29:11:%N,0,0,2000
19:29:11:%N,0,0,2000
19:29:11:%N,0,0,2000
19:29:11:%N,0,0,2000
19:29:11:%N,0,0,2000
19:29:11:%N,0,0,2000
19:29:12:%N,0,0,2000
19:29:12:%N,0,0,2000
19:29:12:%N,94,0,2000
19:29:12:%N,612,0,2000
19:29:12:%N,1130,0,2000
19:29:12:%N,1649,0,2000
19:29:12:%N,2182,0,2000
19:29:12:%N,2697,0,2000
19:29:12:%N,3217,0,2000
19:29:13:%N,3712,0,2000
19:29:13:%N,4096,0,2000
19:29:13:%N,4096,0,2000
19:29:13:%N,4096,0,2000
19:29:13:%N,4096,0,2000
19:29:13:%N,4096,0,2000
19:29:13:%N,4096,0,2000
19:29:13:%N,4096,0,2000
19:29:13:%N,4096,0,2000
19:29:14:%N,4096,0,2000
19:29:14:%N,4096,0,2000
19:29:14:%N,4096,0,2000
19:29:14:%N,4096,0,2000
19:29:14:%N,4096,0,2000
19:29:14:%N,4096,0,2000
19:29:14:%N,4096,0,2000
19:29:14:%N,4096,0,2000
19:29:14:%N,4096,0,2000
19:29:15:%N,4096,0,2000
19:29:15:%N,4096,0,2000
19:29:15:%N,4096,0,2000
